  64   64
1 1
     4.882529901211088     0.000000050527108     0.000000087597462
     0.000000050527108     4.882529936863921     0.000000123718478
     0.000000087597462     0.000000123718478     4.882530079924593
1 2
    -1.860486751901892    -0.000000031183053    -0.000000054025401
    -0.000000031183053     0.100936749226696     0.000000002557636
    -0.000000054025401     0.000000002557636     0.100936752184194
1 3
     0.138851858722278     0.000000002383325     0.000000004129066
     0.000000002383325    -0.016752133381076    -0.000000000424482
     0.000000004129066    -0.000000000424482    -0.016752133871922
1 4
    -1.860486751901892    -0.000000031183053    -0.000000054025401
    -0.000000031183053     0.100936749226696     0.000000002557636
    -0.000000054025401     0.000000002557636     0.100936752184194
1 5
    -0.116999203496599     0.616415947165359     0.000000020403678
     0.616415947165359    -1.642550799151735    -0.000000050030663
     0.000000020403678    -0.000000050030663     0.100936752184194
1 6
    -0.041570470864918    -0.280544611967855    -0.000000014119536
    -0.280544611967855    -0.239945482621277    -0.000000019973277
    -0.000000014119536    -0.000000019973277     0.156804528834407
1 7
    -0.002420097869331    -0.024894362559585    -0.000000000980185
    -0.024894362559585     0.010607530016174    -0.000000000154461
    -0.000000000980185    -0.000000000154461    -0.008563712254046
1 8
    -0.051903064113094     0.058225631063232     0.000000000737884
     0.058225631063232    -0.010731322599572     0.000000001046420
     0.000000000737884     0.000000001046420     0.012050284041402
1 9
     0.000537199778443    -0.048901617757739    -0.000000001775555
    -0.048901617757739     0.121562525560628     0.000000003747462
    -0.000000001775555     0.000000003747462    -0.016752133871922
1 10
     0.024807103231463    -0.015268092604525     0.000000000182138
    -0.015268092604525    -0.016619671084201    -0.000000000975707
     0.000000000182138    -0.000000000975707    -0.008563712254046
1 11
    -0.046560636010189    -0.031033814452496    -0.000000002314744
    -0.031033814452496    -0.068504858226735    -0.000000003272720
    -0.000000002314744    -0.000000003272720    -0.024616416969728
1 12
     0.024807103231463    -0.015268092604525     0.000000000182138
    -0.015268092604525    -0.016619671084201    -0.000000000975707
     0.000000000182138    -0.000000000975707    -0.008563712254046
1 13
    -0.116999203496599     0.616415947165359     0.000000020403678
     0.616415947165359    -1.642550799151735    -0.000000050030663
     0.000000020403678    -0.000000050030663     0.100936752184194
1 14
    -0.051903064113094     0.058225631063232     0.000000000737884
     0.058225631063232    -0.010731322599572     0.000000001046420
     0.000000000737884     0.000000001046420     0.012050284041402
1 15
    -0.002420097869331    -0.024894362559585    -0.000000000980185
    -0.024894362559585     0.010607530016174    -0.000000000154461
    -0.000000000980185    -0.000000000154461    -0.008563712254046
1 16
    -0.041570470864918    -0.280544611967855    -0.000000014119536
    -0.280544611967855    -0.239945482621277    -0.000000019973277
    -0.000000014119536    -0.000000019973277     0.156804528834407
1 17
    -0.116999203487640    -0.308207985328681     0.533831862757816
    -0.308207985328681    -0.334935175540186     0.754952278359618
     0.533831862757816     0.754952278359618    -1.206678871472726
1 18
    -0.041570470868995     0.140272307147515    -0.242958760194623
     0.140272307147515     0.057617024323390     0.171797795386251
    -0.242958760194623     0.171797795386251    -0.140757978126700
1 19
    -0.002420097869693     0.012447181619187    -0.021559150192051
     0.012447181619187    -0.003770900637563    -0.008301392019417
    -0.021559150192051    -0.008301392019417     0.005814718399927
1 20
    -0.051903064112248    -0.029112817671423     0.050424874417243
    -0.029112817671423     0.006354880387575     0.009864726195577
     0.050424874417243     0.009864726195577    -0.005035918945609
1 21
    -0.041570481098762     0.140272303529758     0.242958772076712
     0.140272303529758     0.057617034554554    -0.171797778573039
     0.242958772076712    -0.171797778573039    -0.140757978105150
1 22
    -0.116999181010676    -0.308207953539282    -0.533831868812331
    -0.308207953539282    -0.334935130580113    -0.754952286923417
    -0.533831868812331    -0.754952286923417    -1.206679053738645
1 23
    -0.051903061989111    -0.029112815962256    -0.050424879608563
    -0.029112815962256     0.006354880975055    -0.009864727191865
    -0.050424879608563    -0.009864727191865    -0.005035926274766
1 24
    -0.002420098777440     0.012447180802460     0.021559150933285
     0.012447180802460    -0.003770901131940     0.008301392251560
     0.021559150933285     0.008301392251560     0.005814722190618
1 25
    -0.011444355439890     0.009256624529081    -0.000640243536957
     0.009256624529081     0.005253356932555    -0.023093292417131
    -0.000640243536957    -0.023093292417131     0.005814718400854
1 26
     0.018180327140104    -0.004334594336661     0.007507740358484
    -0.004334594336661    -0.063728508152913    -0.050829274642331
     0.007507740358484    -0.050829274642331    -0.005035926272197
1 27
    -0.011444355115706    -0.004073844832456    -0.008336594601316
    -0.004073844832456    -0.014324998628359    -0.011789725430401
    -0.008336594601316    -0.011789725430401     0.025393074232021
1 28
    -0.000928878436102     0.003027732914438    -0.005244187182846
     0.003027732914438     0.001212051944253     0.003708200501155
    -0.005244187182846     0.003708200501155    -0.003069809078271
1 29
     0.018180327456217    -0.004334595183187    -0.007507739566117
    -0.004334595183187    -0.063728511179976     0.050829269418233
    -0.007507739566117     0.050829269418233    -0.005035918948179
1 30
    -0.011444355466847     0.009256624023846     0.000640243507704
     0.009256624023846     0.005253355557268     0.023093293193667
     0.000640243507704     0.023093293193667     0.005814722189690
1 31
    -0.000928878656909     0.003027732836350     0.005244187438183
     0.003027732836350     0.001212052165090    -0.003708200139849
     0.005244187438183    -0.003708200139849    -0.003069809077806
1 32
    -0.011444355466718    -0.004073845328896     0.008336593087391
    -0.004073845328896    -0.014324999330479     0.011789723289821
     0.008336593087391     0.011789723289821     0.025393077078380
1 33
     0.000537199777732     0.024450809674964    -0.042350042804588
     0.024450809674964     0.017826534342974    -0.059892006330652
    -0.042350042804588    -0.059892006330652     0.086983857349332
1 34
     0.024807103231241     0.007634047188681    -0.013222555551284
     0.007634047188681    -0.010577701500966     0.003488332233885
    -0.013222555551284     0.003488332233885    -0.014605681837753
1 35
    -0.046560636010640     0.015516906703594    -0.026876071995473
     0.015516906703594    -0.035588526544048     0.019004252104746
    -0.026876071995473     0.019004252104746    -0.057532748654234
1 36
     0.024807103231241     0.007634047188681    -0.013222555551284
     0.007634047188681    -0.010577701500966     0.003488332233885
    -0.013222555551284     0.003488332233885    -0.014605681837753
1 37
    -0.011444355439750    -0.005182779856484     0.007696349941487
    -0.005182779856484     0.025673757169526    -0.011303567342584
     0.007696349941487    -0.011303567342584    -0.014605681836826
1 38
     0.018180327139978     0.008669191043352     0.000000001846010
     0.008669191043352     0.024310371352935     0.000000002610464
     0.000000001846010     0.000000002610464    -0.093074805781829
1 39
    -0.011444355115695    -0.005182779865280    -0.007696350702559
    -0.005182779865280     0.025673756496359     0.011303569547992
    -0.007696350702559     0.011303569547992    -0.014605680894349
1 40
    -0.000928878436014    -0.006055465779625    -0.000000000305332
    -0.006055465779625    -0.005210739658716    -0.000000000431917
    -0.000000000305332    -0.000000000431917     0.003352982525053
1 41
    -0.046560637142256     0.015516906303398     0.026876071804184
     0.015516906303398    -0.035588525412277    -0.019004252371427
     0.026876071804184    -0.019004252371427    -0.057532748651851
1 42
     0.024807102674506     0.007634046868394     0.013222557885345
     0.007634046868394    -0.010577701293224    -0.003488332215361
     0.013222557885345    -0.003488332215361    -0.014605680893421
1 43
     0.000537197994586     0.024450807153042     0.042350042971132
     0.024450807153042     0.017826530776193     0.059892006566878
     0.042350042971132     0.059892006566878     0.086983871808884
1 44
     0.024807102674506     0.007634046868394     0.013222557885345
     0.007634046868394    -0.010577701293224    -0.003488332215361
     0.013222557885345    -0.003488332215361    -0.014605680893421
1 45
    -0.011444355439750    -0.005182779856484     0.007696349941487
    -0.005182779856484     0.025673757169526    -0.011303567342584
     0.007696349941487    -0.011303567342584    -0.014605681836826
1 46
    -0.000928878436014    -0.006055465779625    -0.000000000305332
    -0.006055465779625    -0.005210739658716    -0.000000000431917
    -0.000000000305332    -0.000000000431917     0.003352982525053
1 47
    -0.011444355115695    -0.005182779865280    -0.007696350702559
    -0.005182779865280     0.025673756496359     0.011303569547992
    -0.007696350702559     0.011303569547992    -0.014605680894349
1 48
     0.018180327139978     0.008669191043352     0.000000001846010
     0.008669191043352     0.024310371352935     0.000000002610464
     0.000000001846010     0.000000002610464    -0.093074805781829
1 49
    -0.116999203487640    -0.308207985328681     0.533831862757816
    -0.308207985328681    -0.334935175540186     0.754952278359618
     0.533831862757816     0.754952278359618    -1.206678871472726
1 50
    -0.051903064112248    -0.029112817671423     0.050424874417243
    -0.029112817671423     0.006354880387575     0.009864726195577
     0.050424874417243     0.009864726195577    -0.005035918945609
1 51
    -0.002420097869693     0.012447181619187    -0.021559150192051
     0.012447181619187    -0.003770900637563    -0.008301392019417
    -0.021559150192051    -0.008301392019417     0.005814718399927
1 52
    -0.041570470868995     0.140272307147515    -0.242958760194623
     0.140272307147515     0.057617024323390     0.171797795386251
    -0.242958760194623     0.171797795386251    -0.140757978126700
1 53
     0.018180327456217    -0.004334595183187    -0.007507739566117
    -0.004334595183187    -0.063728511179976     0.050829269418233
    -0.007507739566117     0.050829269418233    -0.005035918948179
1 54
    -0.011444355466718    -0.004073845328896     0.008336593087391
    -0.004073845328896    -0.014324999330479     0.011789723289821
     0.008336593087391     0.011789723289821     0.025393077078380
1 55
    -0.000928878656909     0.003027732836350     0.005244187438183
     0.003027732836350     0.001212052165090    -0.003708200139849
     0.005244187438183    -0.003708200139849    -0.003069809077806
1 56
    -0.011444355466847     0.009256624023846     0.000640243507704
     0.009256624023846     0.005253355557268     0.023093293193667
     0.000640243507704     0.023093293193667     0.005814722189690
1 57
    -0.011444355439890     0.009256624529081    -0.000640243536957
     0.009256624529081     0.005253356932555    -0.023093292417131
    -0.000640243536957    -0.023093292417131     0.005814718400854
1 58
    -0.000928878436102     0.003027732914438    -0.005244187182846
     0.003027732914438     0.001212051944253     0.003708200501155
    -0.005244187182846     0.003708200501155    -0.003069809078271
1 59
    -0.011444355115706    -0.004073844832456    -0.008336594601316
    -0.004073844832456    -0.014324998628359    -0.011789725430401
    -0.008336594601316    -0.011789725430401     0.025393074232021
1 60
     0.018180327140104    -0.004334594336661     0.007507740358484
    -0.004334594336661    -0.063728508152913    -0.050829274642331
     0.007507740358484    -0.050829274642331    -0.005035926272197
1 61
    -0.041570481098762     0.140272303529758     0.242958772076712
     0.140272303529758     0.057617034554554    -0.171797778573039
     0.242958772076712    -0.171797778573039    -0.140757978105150
1 62
    -0.002420098777440     0.012447180802460     0.021559150933285
     0.012447180802460    -0.003770901131940     0.008301392251560
     0.021559150933285     0.008301392251560     0.005814722190618
1 63
    -0.051903061989111    -0.029112815962256    -0.050424879608563
    -0.029112815962256     0.006354880975055    -0.009864727191865
    -0.050424879608563    -0.009864727191865    -0.005035926274766
1 64
    -0.116999181010676    -0.308207953539282    -0.533831868812331
    -0.308207953539282    -0.334935130580113    -0.754952286923417
    -0.533831868812331    -0.754952286923417    -1.206679053738645
2 1
    -1.860486751901892    -0.000000031183053    -0.000000054025401
    -0.000000031183053     0.100936749226696     0.000000002557636
    -0.000000054025401     0.000000002557636     0.100936752184194
2 2
     4.882529901211088     0.000000050527108     0.000000087597462
     0.000000050527108     4.882529936863922     0.000000123718478
     0.000000087597462     0.000000123718478     4.882530079924593
2 3
    -1.860486751901892    -0.000000031183053    -0.000000054025401
    -0.000000031183053     0.100936749226696     0.000000002557636
    -0.000000054025401     0.000000002557636     0.100936752184194
2 4
     0.138851858722278     0.000000002383325     0.000000004129066
     0.000000002383325    -0.016752133381076    -0.000000000424482
     0.000000004129066    -0.000000000424482    -0.016752133871922
2 5
    -0.051903064113094     0.058225631063232     0.000000000737884
     0.058225631063232    -0.010731322599572     0.000000001046420
     0.000000000737884     0.000000001046420     0.012050284041402
2 6
    -0.116999203496599     0.616415947165359     0.000000020403678
     0.616415947165359    -1.642550799151735    -0.000000050030663
     0.000000020403678    -0.000000050030663     0.100936752184194
2 7
    -0.041570470864918    -0.280544611967855    -0.000000014119536
    -0.280544611967855    -0.239945482621277    -0.000000019973277
    -0.000000014119536    -0.000000019973277     0.156804528834407
2 8
    -0.002420097869331    -0.024894362559585    -0.000000000980185
    -0.024894362559585     0.010607530016174    -0.000000000154461
    -0.000000000980185    -0.000000000154461    -0.008563712254046
2 9
     0.024807103231463    -0.015268092604525     0.000000000182138
    -0.015268092604525    -0.016619671084201    -0.000000000975707
     0.000000000182138    -0.000000000975707    -0.008563712254046
2 10
     0.000537199778443    -0.048901617757739    -0.000000001775555
    -0.048901617757739     0.121562525560628     0.000000003747462
    -0.000000001775555     0.000000003747462    -0.016752133871922
2 11
     0.024807103231463    -0.015268092604525     0.000000000182138
    -0.015268092604525    -0.016619671084201    -0.000000000975707
     0.000000000182138    -0.000000000975707    -0.008563712254046
2 12
    -0.046560636010189    -0.031033814452496    -0.000000002314744
    -0.031033814452496    -0.068504858226735    -0.000000003272720
    -0.000000002314744    -0.000000003272720    -0.024616416969728
2 13
    -0.041570470864918    -0.280544611967855    -0.000000014119536
    -0.280544611967855    -0.239945482621277    -0.000000019973277
    -0.000000014119536    -0.000000019973277     0.156804528834407
2 14
    -0.116999203496599     0.616415947165359     0.000000020403678
     0.616415947165359    -1.642550799151735    -0.000000050030663
     0.000000020403678    -0.000000050030663     0.100936752184194
2 15
    -0.051903064113094     0.058225631063232     0.000000000737884
     0.058225631063232    -0.010731322599572     0.000000001046420
     0.000000000737884     0.000000001046420     0.012050284041402
2 16
    -0.002420097869331    -0.024894362559585    -0.000000000980185
    -0.024894362559585     0.010607530016174    -0.000000000154461
    -0.000000000980185    -0.000000000154461    -0.008563712254046
2 17
    -0.051903064112248    -0.029112817671423     0.050424874417243
    -0.029112817671423     0.006354880387575     0.009864726195577
     0.050424874417243     0.009864726195577    -0.005035918945609
2 18
    -0.116999203487640    -0.308207985328681     0.533831862757816
    -0.308207985328681    -0.334935175540186     0.754952278359618
     0.533831862757816     0.754952278359618    -1.206678871472726
2 19
    -0.041570470868995     0.140272307147515    -0.242958760194623
     0.140272307147515     0.057617024323390     0.171797795386251
    -0.242958760194623     0.171797795386251    -0.140757978126700
2 20
    -0.002420097869693     0.012447181619187    -0.021559150192051
     0.012447181619187    -0.003770900637563    -0.008301392019417
    -0.021559150192051    -0.008301392019417     0.005814718399927
2 21
    -0.002420098777440     0.012447180802460     0.021559150933285
     0.012447180802460    -0.003770901131940     0.008301392251560
     0.021559150933285     0.008301392251560     0.005814722190618
2 22
    -0.041570481098762     0.140272303529758     0.242958772076712
     0.140272303529758     0.057617034554554    -0.171797778573039
     0.242958772076712    -0.171797778573039    -0.140757978105150
2 23
    -0.116999181010676    -0.308207953539282    -0.533831868812331
    -0.308207953539282    -0.334935130580113    -0.754952286923417
    -0.533831868812331    -0.754952286923417    -1.206679053738645
2 24
    -0.051903061989111    -0.029112815962256    -0.050424879608563
    -0.029112815962256     0.006354880975055    -0.009864727191865
    -0.050424879608563    -0.009864727191865    -0.005035926274766
2 25
    -0.000928878436102     0.003027732914438    -0.005244187182846
     0.003027732914438     0.001212051944253     0.003708200501155
    -0.005244187182846     0.003708200501155    -0.003069809078271
2 26
    -0.011444355439890     0.009256624529081    -0.000640243536957
     0.009256624529081     0.005253356932555    -0.023093292417131
    -0.000640243536957    -0.023093292417131     0.005814718400854
2 27
     0.018180327140104    -0.004334594336661     0.007507740358484
    -0.004334594336661    -0.063728508152913    -0.050829274642331
     0.007507740358484    -0.050829274642331    -0.005035926272197
2 28
    -0.011444355115706    -0.004073844832456    -0.008336594601316
    -0.004073844832456    -0.014324998628359    -0.011789725430401
    -0.008336594601316    -0.011789725430401     0.025393074232021
2 29
    -0.011444355466718    -0.004073845328896     0.008336593087391
    -0.004073845328896    -0.014324999330479     0.011789723289821
     0.008336593087391     0.011789723289821     0.025393077078380
2 30
     0.018180327456217    -0.004334595183187    -0.007507739566117
    -0.004334595183187    -0.063728511179976     0.050829269418233
    -0.007507739566117     0.050829269418233    -0.005035918948179
2 31
    -0.011444355466847     0.009256624023846     0.000640243507704
     0.009256624023846     0.005253355557268     0.023093293193667
     0.000640243507704     0.023093293193667     0.005814722189690
2 32
    -0.000928878656909     0.003027732836350     0.005244187438183
     0.003027732836350     0.001212052165090    -0.003708200139849
     0.005244187438183    -0.003708200139849    -0.003069809077806
2 33
     0.024807103231241     0.007634047188681    -0.013222555551284
     0.007634047188681    -0.010577701500966     0.003488332233885
    -0.013222555551284     0.003488332233885    -0.014605681837753
2 34
     0.000537199777732     0.024450809674964    -0.042350042804588
     0.024450809674964     0.017826534342974    -0.059892006330652
    -0.042350042804588    -0.059892006330652     0.086983857349332
2 35
     0.024807103231241     0.007634047188681    -0.013222555551284
     0.007634047188681    -0.010577701500966     0.003488332233885
    -0.013222555551284     0.003488332233885    -0.014605681837753
2 36
    -0.046560636010640     0.015516906703594    -0.026876071995473
     0.015516906703594    -0.035588526544048     0.019004252104746
    -0.026876071995473     0.019004252104746    -0.057532748654234
2 37
    -0.000928878436014    -0.006055465779625    -0.000000000305332
    -0.006055465779625    -0.005210739658716    -0.000000000431917
    -0.000000000305332    -0.000000000431917     0.003352982525053
2 38
    -0.011444355439750    -0.005182779856484     0.007696349941487
    -0.005182779856484     0.025673757169526    -0.011303567342584
     0.007696349941487    -0.011303567342584    -0.014605681836826
2 39
     0.018180327139978     0.008669191043352     0.000000001846010
     0.008669191043352     0.024310371352935     0.000000002610464
     0.000000001846010     0.000000002610464    -0.093074805781829
2 40
    -0.011444355115695    -0.005182779865280    -0.007696350702559
    -0.005182779865280     0.025673756496359     0.011303569547992
    -0.007696350702559     0.011303569547992    -0.014605680894349
2 41
     0.024807102674506     0.007634046868394     0.013222557885345
     0.007634046868394    -0.010577701293224    -0.003488332215361
     0.013222557885345    -0.003488332215361    -0.014605680893421
2 42
    -0.046560637142256     0.015516906303398     0.026876071804184
     0.015516906303398    -0.035588525412277    -0.019004252371427
     0.026876071804184    -0.019004252371427    -0.057532748651851
2 43
     0.024807102674506     0.007634046868394     0.013222557885345
     0.007634046868394    -0.010577701293224    -0.003488332215361
     0.013222557885345    -0.003488332215361    -0.014605680893421
2 44
     0.000537197994586     0.024450807153042     0.042350042971132
     0.024450807153042     0.017826530776193     0.059892006566878
     0.042350042971132     0.059892006566878     0.086983871808884
2 45
     0.018180327139978     0.008669191043352     0.000000001846010
     0.008669191043352     0.024310371352935     0.000000002610464
     0.000000001846010     0.000000002610464    -0.093074805781829
2 46
    -0.011444355439750    -0.005182779856484     0.007696349941487
    -0.005182779856484     0.025673757169526    -0.011303567342584
     0.007696349941487    -0.011303567342584    -0.014605681836826
2 47
    -0.000928878436014    -0.006055465779625    -0.000000000305332
    -0.006055465779625    -0.005210739658716    -0.000000000431917
    -0.000000000305332    -0.000000000431917     0.003352982525053
2 48
    -0.011444355115695    -0.005182779865280    -0.007696350702559
    -0.005182779865280     0.025673756496359     0.011303569547992
    -0.007696350702559     0.011303569547992    -0.014605680894349
2 49
    -0.041570470868995     0.140272307147515    -0.242958760194623
     0.140272307147515     0.057617024323390     0.171797795386251
    -0.242958760194623     0.171797795386251    -0.140757978126700
2 50
    -0.116999203487640    -0.308207985328681     0.533831862757816
    -0.308207985328681    -0.334935175540186     0.754952278359618
     0.533831862757816     0.754952278359618    -1.206678871472726
2 51
    -0.051903064112248    -0.029112817671423     0.050424874417243
    -0.029112817671423     0.006354880387575     0.009864726195577
     0.050424874417243     0.009864726195577    -0.005035918945609
2 52
    -0.002420097869693     0.012447181619187    -0.021559150192051
     0.012447181619187    -0.003770900637563    -0.008301392019417
    -0.021559150192051    -0.008301392019417     0.005814718399927
2 53
    -0.011444355466847     0.009256624023846     0.000640243507704
     0.009256624023846     0.005253355557268     0.023093293193667
     0.000640243507704     0.023093293193667     0.005814722189690
2 54
     0.018180327456217    -0.004334595183187    -0.007507739566117
    -0.004334595183187    -0.063728511179976     0.050829269418233
    -0.007507739566117     0.050829269418233    -0.005035918948179
2 55
    -0.011444355466718    -0.004073845328896     0.008336593087391
    -0.004073845328896    -0.014324999330479     0.011789723289821
     0.008336593087391     0.011789723289821     0.025393077078380
2 56
    -0.000928878656909     0.003027732836350     0.005244187438183
     0.003027732836350     0.001212052165090    -0.003708200139849
     0.005244187438183    -0.003708200139849    -0.003069809077806
2 57
     0.018180327140104    -0.004334594336661     0.007507740358484
    -0.004334594336661    -0.063728508152913    -0.050829274642331
     0.007507740358484    -0.050829274642331    -0.005035926272197
2 58
    -0.011444355439890     0.009256624529081    -0.000640243536957
     0.009256624529081     0.005253356932555    -0.023093292417131
    -0.000640243536957    -0.023093292417131     0.005814718400854
2 59
    -0.000928878436102     0.003027732914438    -0.005244187182846
     0.003027732914438     0.001212051944253     0.003708200501155
    -0.005244187182846     0.003708200501155    -0.003069809078271
2 60
    -0.011444355115706    -0.004073844832456    -0.008336594601316
    -0.004073844832456    -0.014324998628359    -0.011789725430401
    -0.008336594601316    -0.011789725430401     0.025393074232021
2 61
    -0.116999181010676    -0.308207953539282    -0.533831868812331
    -0.308207953539282    -0.334935130580113    -0.754952286923417
    -0.533831868812331    -0.754952286923417    -1.206679053738645
2 62
    -0.041570481098762     0.140272303529758     0.242958772076712
     0.140272303529758     0.057617034554554    -0.171797778573039
     0.242958772076712    -0.171797778573039    -0.140757978105150
2 63
    -0.002420098777440     0.012447180802460     0.021559150933285
     0.012447180802460    -0.003770901131940     0.008301392251560
     0.021559150933285     0.008301392251560     0.005814722190618
2 64
    -0.051903061989111    -0.029112815962256    -0.050424879608563
    -0.029112815962256     0.006354880975055    -0.009864727191865
    -0.050424879608563    -0.009864727191865    -0.005035926274766
3 1
     0.138851858722278     0.000000002383325     0.000000004129066
     0.000000002383325    -0.016752133381076    -0.000000000424482
     0.000000004129066    -0.000000000424482    -0.016752133871922
3 2
    -1.860486751901892    -0.000000031183053    -0.000000054025401
    -0.000000031183053     0.100936749226696     0.000000002557636
    -0.000000054025401     0.000000002557636     0.100936752184194
3 3
     4.882529901211089     0.000000050527108     0.000000087597462
     0.000000050527108     4.882529936863922     0.000000123718478
     0.000000087597462     0.000000123718478     4.882530079924594
3 4
    -1.860486751901892    -0.000000031183053    -0.000000054025401
    -0.000000031183053     0.100936749226696     0.000000002557636
    -0.000000054025401     0.000000002557636     0.100936752184194
3 5
    -0.002420097869331    -0.024894362559585    -0.000000000980185
    -0.024894362559585     0.010607530016174    -0.000000000154461
    -0.000000000980185    -0.000000000154461    -0.008563712254046
3 6
    -0.051903064113094     0.058225631063232     0.000000000737884
     0.058225631063232    -0.010731322599572     0.000000001046420
     0.000000000737884     0.000000001046420     0.012050284041402
3 7
    -0.116999203496599     0.616415947165359     0.000000020403678
     0.616415947165359    -1.642550799151735    -0.000000050030663
     0.000000020403678    -0.000000050030663     0.100936752184194
3 8
    -0.041570470864918    -0.280544611967855    -0.000000014119536
    -0.280544611967855    -0.239945482621277    -0.000000019973277
    -0.000000014119536    -0.000000019973277     0.156804528834407
3 9
    -0.046560636010189    -0.031033814452496    -0.000000002314744
    -0.031033814452496    -0.068504858226735    -0.000000003272720
    -0.000000002314744    -0.000000003272720    -0.024616416969728
3 10
     0.024807103231463    -0.015268092604525     0.000000000182138
    -0.015268092604525    -0.016619671084201    -0.000000000975707
     0.000000000182138    -0.000000000975707    -0.008563712254046
3 11
     0.000537199778443    -0.048901617757739    -0.000000001775555
    -0.048901617757739     0.121562525560628     0.000000003747462
    -0.000000001775555     0.000000003747462    -0.016752133871922
3 12
     0.024807103231463    -0.015268092604525     0.000000000182138
    -0.015268092604525    -0.016619671084201    -0.000000000975707
     0.000000000182138    -0.000000000975707    -0.008563712254046
3 13
    -0.002420097869331    -0.024894362559585    -0.000000000980185
    -0.024894362559585     0.010607530016174    -0.000000000154461
    -0.000000000980185    -0.000000000154461    -0.008563712254046
3 14
    -0.041570470864918    -0.280544611967855    -0.000000014119536
    -0.280544611967855    -0.239945482621277    -0.000000019973277
    -0.000000014119536    -0.000000019973277     0.156804528834407
3 15
    -0.116999203496599     0.616415947165359     0.000000020403678
     0.616415947165359    -1.642550799151735    -0.000000050030663
     0.000000020403678    -0.000000050030663     0.100936752184194
3 16
    -0.051903064113094     0.058225631063232     0.000000000737884
     0.058225631063232    -0.010731322599572     0.000000001046420
     0.000000000737884     0.000000001046420     0.012050284041402
3 17
    -0.002420097869693     0.012447181619187    -0.021559150192051
     0.012447181619187    -0.003770900637563    -0.008301392019417
    -0.021559150192051    -0.008301392019417     0.005814718399927
3 18
    -0.051903064112248    -0.029112817671423     0.050424874417243
    -0.029112817671423     0.006354880387575     0.009864726195577
     0.050424874417243     0.009864726195577    -0.005035918945609
3 19
    -0.116999203487640    -0.308207985328681     0.533831862757816
    -0.308207985328681    -0.334935175540186     0.754952278359618
     0.533831862757816     0.754952278359618    -1.206678871472726
3 20
    -0.041570470868995     0.140272307147515    -0.242958760194623
     0.140272307147515     0.057617024323390     0.171797795386251
    -0.242958760194623     0.171797795386251    -0.140757978126700
3 21
    -0.051903061989111    -0.029112815962256    -0.050424879608563
    -0.029112815962256     0.006354880975055    -0.009864727191865
    -0.050424879608563    -0.009864727191865    -0.005035926274766
3 22
    -0.002420098777440     0.012447180802460     0.021559150933285
     0.012447180802460    -0.003770901131940     0.008301392251560
     0.021559150933285     0.008301392251560     0.005814722190618
3 23
    -0.041570481098762     0.140272303529758     0.242958772076712
     0.140272303529758     0.057617034554554    -0.171797778573039
     0.242958772076712    -0.171797778573039    -0.140757978105150
3 24
    -0.116999181010676    -0.308207953539282    -0.533831868812331
    -0.308207953539282    -0.334935130580113    -0.754952286923417
    -0.533831868812331    -0.754952286923417    -1.206679053738645
3 25
    -0.011444355115706    -0.004073844832456    -0.008336594601316
    -0.004073844832456    -0.014324998628359    -0.011789725430401
    -0.008336594601316    -0.011789725430401     0.025393074232021
3 26
    -0.000928878436102     0.003027732914438    -0.005244187182846
     0.003027732914438     0.001212051944253     0.003708200501155
    -0.005244187182846     0.003708200501155    -0.003069809078271
3 27
    -0.011444355439890     0.009256624529081    -0.000640243536957
     0.009256624529081     0.005253356932555    -0.023093292417131
    -0.000640243536957    -0.023093292417131     0.005814718400854
3 28
     0.018180327140104    -0.004334594336661     0.007507740358484
    -0.004334594336661    -0.063728508152913    -0.050829274642331
     0.007507740358484    -0.050829274642331    -0.005035926272197
3 29
    -0.000928878656909     0.003027732836350     0.005244187438183
     0.003027732836350     0.001212052165090    -0.003708200139849
     0.005244187438183    -0.003708200139849    -0.003069809077806
3 30
    -0.011444355466718    -0.004073845328896     0.008336593087391
    -0.004073845328896    -0.014324999330479     0.011789723289821
     0.008336593087391     0.011789723289821     0.025393077078380
3 31
     0.018180327456217    -0.004334595183187    -0.007507739566117
    -0.004334595183187    -0.063728511179976     0.050829269418233
    -0.007507739566117     0.050829269418233    -0.005035918948179
3 32
    -0.011444355466847     0.009256624023846     0.000640243507704
     0.009256624023846     0.005253355557268     0.023093293193667
     0.000640243507704     0.023093293193667     0.005814722189690
3 33
    -0.046560636010640     0.015516906703594    -0.026876071995473
     0.015516906703594    -0.035588526544048     0.019004252104746
    -0.026876071995473     0.019004252104746    -0.057532748654234
3 34
     0.024807103231241     0.007634047188681    -0.013222555551284
     0.007634047188681    -0.010577701500966     0.003488332233885
    -0.013222555551284     0.003488332233885    -0.014605681837753
3 35
     0.000537199777732     0.024450809674964    -0.042350042804588
     0.024450809674964     0.017826534342974    -0.059892006330652
    -0.042350042804588    -0.059892006330652     0.086983857349332
3 36
     0.024807103231241     0.007634047188681    -0.013222555551284
     0.007634047188681    -0.010577701500966     0.003488332233885
    -0.013222555551284     0.003488332233885    -0.014605681837753
3 37
    -0.011444355115695    -0.005182779865280    -0.007696350702559
    -0.005182779865280     0.025673756496359     0.011303569547992
    -0.007696350702559     0.011303569547992    -0.014605680894349
3 38
    -0.000928878436014    -0.006055465779625    -0.000000000305332
    -0.006055465779625    -0.005210739658716    -0.000000000431917
    -0.000000000305332    -0.000000000431917     0.003352982525053
3 39
    -0.011444355439750    -0.005182779856484     0.007696349941487
    -0.005182779856484     0.025673757169526    -0.011303567342584
     0.007696349941487    -0.011303567342584    -0.014605681836826
3 40
     0.018180327139978     0.008669191043352     0.000000001846010
     0.008669191043352     0.024310371352935     0.000000002610464
     0.000000001846010     0.000000002610464    -0.093074805781829
3 41
     0.000537197994586     0.024450807153042     0.042350042971132
     0.024450807153042     0.017826530776193     0.059892006566878
     0.042350042971132     0.059892006566878     0.086983871808884
3 42
     0.024807102674506     0.007634046868394     0.013222557885345
     0.007634046868394    -0.010577701293224    -0.003488332215361
     0.013222557885345    -0.003488332215361    -0.014605680893421
3 43
    -0.046560637142256     0.015516906303398     0.026876071804184
     0.015516906303398    -0.035588525412277    -0.019004252371427
     0.026876071804184    -0.019004252371427    -0.057532748651851
3 44
     0.024807102674506     0.007634046868394     0.013222557885345
     0.007634046868394    -0.010577701293224    -0.003488332215361
     0.013222557885345    -0.003488332215361    -0.014605680893421
3 45
    -0.011444355115695    -0.005182779865280    -0.007696350702559
    -0.005182779865280     0.025673756496359     0.011303569547992
    -0.007696350702559     0.011303569547992    -0.014605680894349
3 46
     0.018180327139978     0.008669191043352     0.000000001846010
     0.008669191043352     0.024310371352935     0.000000002610464
     0.000000001846010     0.000000002610464    -0.093074805781829
3 47
    -0.011444355439750    -0.005182779856484     0.007696349941487
    -0.005182779856484     0.025673757169526    -0.011303567342584
     0.007696349941487    -0.011303567342584    -0.014605681836826
3 48
    -0.000928878436014    -0.006055465779625    -0.000000000305332
    -0.006055465779625    -0.005210739658716    -0.000000000431917
    -0.000000000305332    -0.000000000431917     0.003352982525053
3 49
    -0.002420097869693     0.012447181619187    -0.021559150192051
     0.012447181619187    -0.003770900637563    -0.008301392019417
    -0.021559150192051    -0.008301392019417     0.005814718399927
3 50
    -0.041570470868995     0.140272307147515    -0.242958760194623
     0.140272307147515     0.057617024323390     0.171797795386251
    -0.242958760194623     0.171797795386251    -0.140757978126700
3 51
    -0.116999203487640    -0.308207985328681     0.533831862757816
    -0.308207985328681    -0.334935175540186     0.754952278359618
     0.533831862757816     0.754952278359618    -1.206678871472726
3 52
    -0.051903064112248    -0.029112817671423     0.050424874417243
    -0.029112817671423     0.006354880387575     0.009864726195577
     0.050424874417243     0.009864726195577    -0.005035918945609
3 53
    -0.000928878656909     0.003027732836350     0.005244187438183
     0.003027732836350     0.001212052165090    -0.003708200139849
     0.005244187438183    -0.003708200139849    -0.003069809077806
3 54
    -0.011444355466847     0.009256624023846     0.000640243507704
     0.009256624023846     0.005253355557268     0.023093293193667
     0.000640243507704     0.023093293193667     0.005814722189690
3 55
     0.018180327456217    -0.004334595183187    -0.007507739566117
    -0.004334595183187    -0.063728511179976     0.050829269418233
    -0.007507739566117     0.050829269418233    -0.005035918948179
3 56
    -0.011444355466718    -0.004073845328896     0.008336593087391
    -0.004073845328896    -0.014324999330479     0.011789723289821
     0.008336593087391     0.011789723289821     0.025393077078380
3 57
    -0.011444355115706    -0.004073844832456    -0.008336594601316
    -0.004073844832456    -0.014324998628359    -0.011789725430401
    -0.008336594601316    -0.011789725430401     0.025393074232021
3 58
     0.018180327140104    -0.004334594336661     0.007507740358484
    -0.004334594336661    -0.063728508152913    -0.050829274642331
     0.007507740358484    -0.050829274642331    -0.005035926272197
3 59
    -0.011444355439890     0.009256624529081    -0.000640243536957
     0.009256624529081     0.005253356932555    -0.023093292417131
    -0.000640243536957    -0.023093292417131     0.005814718400854
3 60
    -0.000928878436102     0.003027732914438    -0.005244187182846
     0.003027732914438     0.001212051944253     0.003708200501155
    -0.005244187182846     0.003708200501155    -0.003069809078271
3 61
    -0.051903061989111    -0.029112815962256    -0.050424879608563
    -0.029112815962256     0.006354880975055    -0.009864727191865
    -0.050424879608563    -0.009864727191865    -0.005035926274766
3 62
    -0.116999181010676    -0.308207953539282    -0.533831868812331
    -0.308207953539282    -0.334935130580113    -0.754952286923417
    -0.533831868812331    -0.754952286923417    -1.206679053738645
3 63
    -0.041570481098762     0.140272303529758     0.242958772076712
     0.140272303529758     0.057617034554554    -0.171797778573039
     0.242958772076712    -0.171797778573039    -0.140757978105150
3 64
    -0.002420098777440     0.012447180802460     0.021559150933285
     0.012447180802460    -0.003770901131940     0.008301392251560
     0.021559150933285     0.008301392251560     0.005814722190618
4 1
    -1.860486751901892    -0.000000031183053    -0.000000054025401
    -0.000000031183053     0.100936749226696     0.000000002557636
    -0.000000054025401     0.000000002557636     0.100936752184194
4 2
     0.138851858722278     0.000000002383325     0.000000004129066
     0.000000002383325    -0.016752133381076    -0.000000000424482
     0.000000004129066    -0.000000000424482    -0.016752133871922
4 3
