  64   64
1 1
     4.963107024853631     0.000000049057741     0.000000085056560
     0.000000049057741     4.963107059469655     0.000000120122125
     0.000000085056560     0.000000120122125     4.963107198377027
1 2
    -1.882116111357748    -0.000000030984642    -0.000000053682612
    -0.000000030984642     0.078684851746637     0.000000001904409
    -0.000000053682612     0.000000001904409     0.078684853948866
1 3
     0.129875049330094     0.000000002191248     0.000000003796360
     0.000000002191248    -0.013848621862682    -0.000000000335178
     0.000000003796360    -0.000000000335178    -0.013848622250277
1 4
    -1.882116111357748    -0.000000030984642    -0.000000053682612
    -0.000000030984642     0.078684851746637     0.000000001904409
    -0.000000053682612     0.000000001904409     0.078684853948866
1 5
    -0.139181930201333     0.616220302482886     0.000000019672839
     0.616220302482886    -1.664249329384127    -0.000000049924696
     0.000000019672839    -0.000000049924696     0.078684853948866
1 6
    -0.005449960865671    -0.244932599917998    -0.000000011699912
    -0.244932599917998    -0.178643475606803    -0.000000016551785
    -0.000000011699912    -0.000000016551785     0.167743544372848
1 7
    -0.002325230915366    -0.031217183848531    -0.000000001186813
    -0.031217183848531     0.008316694361950    -0.000000000381516
    -0.000000001186813    -0.000000000381516    -0.010660868737572
1 8
    -0.071773993832812     0.078715006915113     0.000000000928042
     0.078715006915113    -0.016114074674112     0.000000001316416
     0.000000000928042     0.000000001316416     0.016413596470011
1 9
     0.002120675592773    -0.045167993042005    -0.000000001580481
    -0.045167993042005     0.113905751872759     0.000000003463815
    -0.000000001580481     0.000000003463815    -0.013848622250277
1 10
     0.026755487953003    -0.020935596355277     0.000000000037117
    -0.020935596355277    -0.020764024505991    -0.000000001246281
     0.000000000037117    -0.000000001246281    -0.010660868737572
1 11
    -0.050493078282792    -0.032877296626478    -0.000000002423280
    -0.032877296626478    -0.073740839338909    -0.000000003426124
    -0.000000002423280    -0.000000003426124    -0.027245320589076
1 12
     0.026755487953003    -0.020935596355277     0.000000000037117
    -0.020935596355277    -0.020764024505991    -0.000000001246281
     0.000000000037117    -0.000000001246281    -0.010660868737572
1 13
    -0.139181930201333     0.616220302482886     0.000000019672839
     0.616220302482886    -1.664249329384127    -0.000000049924696
     0.000000019672839    -0.000000049924696     0.078684853948866
1 14
    -0.071773993832812     0.078715006915113     0.000000000928042
     0.078715006915113    -0.016114074674112     0.000000001316416
     0.000000000928042     0.000000001316416     0.016413596470011
1 15
    -0.002325230915366    -0.031217183848531    -0.000000001186813
    -0.031217183848531     0.008316694361950    -0.000000000381516
    -0.000000001186813    -0.000000000381516    -0.010660868737572
1 16
    -0.005449960865671    -0.244932599917998    -0.000000011699912
    -0.244932599917998    -0.178643475606803    -0.000000016551785
    -0.000000011699912    -0.000000016551785     0.167743544372848
1 17
    -0.139181930192080    -0.308110163610486     0.533662429131880
    -0.308110163610486    -0.357048731839249     0.754712663023213
     0.533662429131880     0.754712663023213    -1.228515743640033
1 18
    -0.005449960869349     0.122466301517700    -0.212117852849959
     0.122466301517700     0.081146787171608     0.149989980693805
    -0.212117852849959     0.149989980693805    -0.092046718419828
1 19
    -0.002325230915834     0.015608592386529    -0.027034873981047
     0.015608592386529    -0.005916476726367    -0.008217526586502
    -0.027034873981047    -0.008217526586502     0.003572302350856
1 20
    -0.071773993831630    -0.039357506410509     0.068169193943295
    -0.039357506410509     0.008281675991420     0.014084896322295
     0.068169193943295     0.014084896322295    -0.007982154195333
1 21
    -0.005449970141321     0.122466298238688     0.212117864269670
     0.122466298238688     0.081146796444818    -0.149989964537736
     0.212117864269670    -0.149989964537736    -0.092046718400997
1 22
    -0.139181906864939    -0.308110130618724    -0.533662434533171
    -0.308110130618724    -0.357048685178738    -0.754712670661664
    -0.533662434533171    -0.754712670661664    -1.228515923276082
1 23
    -0.071773990851858    -0.039357503995375    -0.068169200919392
    -0.039357503995375     0.008281676862226    -0.014084897627838
    -0.068169200919392    -0.014084897627838    -0.007982164082570
1 24
    -0.002325232097567     0.015608591371207     0.027034875010509
     0.015608591371207    -0.005916477234420     0.008217526882914
     0.027034875010509     0.008217526882914     0.003572306689466
1 25
    -0.015328064595619     0.011011396122374     0.001264066929912
     0.011011396122374     0.007086356953309    -0.028227899127379
     0.001264066929912    -0.028227899127379     0.003572302352112
1 26
     0.024124343331556    -0.005452320364174     0.009443699693175
    -0.005452320364174    -0.087616657319549    -0.068965504645412
     0.009443699693175    -0.068965504645412    -0.007982164079125
1 27
    -0.015328064150977    -0.006600411841925    -0.008904116465446
    -0.006600411841925    -0.019995260457065    -0.012592322566705
    -0.008904116465446    -0.012592322566705     0.030653920135973
1 28
     0.001235301595935     0.004337918725300    -0.007513495455096
     0.004337918725300     0.004302673193011     0.005312843940837
    -0.007513495455096     0.005312843940837    -0.001832070278080
1 29
     0.024124343744353    -0.005452321579533    -0.009443698597062
    -0.005452321579533    -0.087616661583378     0.068965497636470
    -0.009443698597062     0.068965497636470    -0.007982154198778
1 30
    -0.015328064540365     0.011011395544509    -0.001264066994960
     0.011011395544509     0.007086355208105     0.028227900197114
    -0.001264066994960     0.028227900197114     0.003572306688210
1 31
     0.001235301267509     0.004337918609153     0.007513495908554
     0.004337918609153     0.004302673521480    -0.005312843299427
     0.007513495908554    -0.005312843299427    -0.001832070277413
1 32
    -0.015328064540189    -0.006600412392390     0.008904114411563
    -0.006600412392390    -0.019995261235592     0.012592319662619
     0.008904114411563     0.012592319662619     0.030653923133186
1 33
     0.002120675592094     0.022583997307817    -0.039116628957859
     0.022583997307817     0.018089974378743    -0.055319268506790
    -0.039116628957859    -0.055319268506790     0.081967155246966
1 34
     0.026755487952689     0.010467799208990    -0.018130757691913
     0.010467799208990    -0.013186657082438     0.004374794432661
    -0.018130757691913     0.004374794432661    -0.018238236161749
1 35
    -0.050493078283286     0.016438647784663    -0.028472574393117
     0.016438647784663    -0.038869199528146     0.020133149769178
    -0.028472574393117     0.020133149769178    -0.062116960401754
1 36
     0.026755487952689     0.010467799208990    -0.018130757691913
     0.010467799208990    -0.013186657082438     0.004374794432661
    -0.018130757691913     0.004374794432661    -0.018238236161749
1 37
    -0.015328064595465    -0.004410984548419     0.010168181995116
    -0.004410984548419     0.028896895465179    -0.015635577243451
     0.010168181995116    -0.015635577243451    -0.018238236160492
1 38
     0.024124343331392     0.010904644021501     0.000000002502115
     0.010904644021501     0.031835091617373     0.000000003538273
     0.000000002502115     0.000000003538273    -0.127433913021079
1 39
    -0.015328064150999    -0.004410984575819    -0.010168182806764
    -0.004410984575819     0.028896894498501     0.015635579851718
    -0.010168182806764     0.015635579851718    -0.018238234821607
1 40
     0.001235301596065    -0.008675837297822    -0.000000000389948
    -0.008675837297822    -0.004899442229135    -0.000000000551716
    -0.000000000389948    -0.000000000551716     0.007370045144571
1 41
    -0.050493079527862     0.016438647344521     0.028472574220382
     0.016438647344521    -0.038869198283403    -0.020133150009307
     0.028472574220382    -0.020133150009307    -0.062116960399226
1 42
     0.026755487160168     0.010467798744133     0.018130760422634
     0.010467798744133    -0.013186656811964    -0.004374794327246
     0.018130760422634    -0.004374794327246    -0.018238234820351
1 43
     0.002120673882251     0.022583994889572     0.039116629076779
     0.022583994889572     0.018089970958600     0.055319268675500
     0.039116629076779     0.055319268675500     0.081967168414010
1 44
     0.026755487160168     0.010467798744133     0.018130760422634
     0.010467798744133    -0.013186656811964    -0.004374794327246
     0.018130760422634    -0.004374794327246    -0.018238234820351
1 45
    -0.015328064595465    -0.004410984548419     0.010168181995116
    -0.004410984548419     0.028896895465179    -0.015635577243451
     0.010168181995116    -0.015635577243451    -0.018238236160492
1 46
     0.001235301596065    -0.008675837297822    -0.000000000389948
    -0.008675837297822    -0.004899442229135    -0.000000000551716
    -0.000000000389948    -0.000000000551716     0.007370045144570
1 47
    -0.015328064150999    -0.004410984575819    -0.010168182806764
    -0.004410984575819     0.028896894498501     0.015635579851718
    -0.010168182806764     0.015635579851718    -0.018238234821608
1 48
     0.024124343331392     0.010904644021501     0.000000002502115
     0.010904644021501     0.031835091617373     0.000000003538273
     0.000000002502115     0.000000003538273    -0.127433913021079
1 49
    -0.139181930192080    -0.308110163610486     0.533662429131880
    -0.308110163610486    -0.357048731839249     0.754712663023213
     0.533662429131880     0.754712663023213    -1.228515743640033
1 50
    -0.071773993831630    -0.039357506410509     0.068169193943295
    -0.039357506410509     0.008281675991420     0.014084896322295
     0.068169193943295     0.014084896322295    -0.007982154195333
1 51
    -0.002325230915834     0.015608592386529    -0.027034873981047
     0.015608592386529    -0.005916476726367    -0.008217526586502
    -0.027034873981047    -0.008217526586502     0.003572302350856
1 52
    -0.005449960869349     0.122466301517700    -0.212117852849959
     0.122466301517700     0.081146787171608     0.149989980693805
    -0.212117852849959     0.149989980693805    -0.092046718419828
1 53
     0.024124343744353    -0.005452321579533    -0.009443698597062
    -0.005452321579533    -0.087616661583378     0.068965497636470
    -0.009443698597062     0.068965497636470    -0.007982154198778
1 54
    -0.015328064540189    -0.006600412392390     0.008904114411563
    -0.006600412392390    -0.019995261235592     0.012592319662619
     0.008904114411563     0.012592319662619     0.030653923133186
1 55
     0.001235301267509     0.004337918609153     0.007513495908554
     0.004337918609153     0.004302673521480    -0.005312843299427
     0.007513495908554    -0.005312843299427    -0.001832070277413
1 56
    -0.015328064540365     0.011011395544509    -0.001264066994960
     0.011011395544509     0.007086355208105     0.028227900197114
    -0.001264066994960     0.028227900197114     0.003572306688210
1 57
    -0.015328064595619     0.011011396122374     0.001264066929912
     0.011011396122374     0.007086356953309    -0.028227899127379
     0.001264066929912    -0.028227899127379     0.003572302352112
1 58
     0.001235301595935     0.004337918725300    -0.007513495455096
     0.004337918725300     0.004302673193011     0.005312843940837
    -0.007513495455096     0.005312843940837    -0.001832070278080
1 59
    -0.015328064150977    -0.006600411841925    -0.008904116465446
    -0.006600411841925    -0.019995260457065    -0.012592322566705
    -0.008904116465446    -0.012592322566705     0.030653920135973
1 60
     0.024124343331556    -0.005452320364174     0.009443699693175
    -0.005452320364174    -0.087616657319549    -0.068965504645412
     0.009443699693175    -0.068965504645412    -0.007982164079125
1 61
    -0.005449970141321     0.122466298238688     0.212117864269670
     0.122466298238688     0.081146796444818    -0.149989964537736
     0.212117864269670    -0.149989964537736    -0.092046718400997
1 62
    -0.002325232097567     0.015608591371207     0.027034875010509
     0.015608591371207    -0.005916477234420     0.008217526882914
     0.027034875010509     0.008217526882914     0.003572306689466
1 63
    -0.071773990851858    -0.039357503995375    -0.068169200919392
    -0.039357503995375     0.008281676862226    -0.014084897627838
    -0.068169200919392    -0.014084897627838    -0.007982164082570
1 64
    -0.139181906864939    -0.308110130618724    -0.533662434533171
    -0.308110130618724    -0.357048685178738    -0.754712670661664
    -0.533662434533171    -0.754712670661664    -1.228515923276082
2 1
    -1.882116111357748    -0.000000030984642    -0.000000053682612
    -0.000000030984642     0.078684851746637     0.000000001904409
    -0.000000053682612     0.000000001904409     0.078684853948866
2 2
     4.963107024853633     0.000000049057741     0.000000085056560
     0.000000049057741     4.963107059469655     0.000000120122126
     0.000000085056560     0.000000120122126     4.963107198377028
2 3
    -1.882116111357748    -0.000000030984642    -0.000000053682612
    -0.000000030984642     0.078684851746637     0.000000001904409
    -0.000000053682612     0.000000001904409     0.078684853948866
2 4
     0.129875049330094     0.000000002191248     0.000000003796360
     0.000000002191248    -0.013848621862682    -0.000000000335178
     0.000000003796360    -0.000000000335178    -0.013848622250277
2 5
    -0.071773993832812     0.078715006915113     0.000000000928042
     0.078715006915113    -0.016114074674112     0.000000001316416
     0.000000000928042     0.000000001316416     0.016413596470011
2 6
    -0.139181930201333     0.616220302482886     0.000000019672839
     0.616220302482886    -1.664249329384127    -0.000000049924696
     0.000000019672839    -0.000000049924696     0.078684853948866
2 7
    -0.005449960865671    -0.244932599917998    -0.000000011699912
    -0.244932599917998    -0.178643475606803    -0.000000016551785
    -0.000000011699912    -0.000000016551785     0.167743544372848
2 8
    -0.002325230915366    -0.031217183848531    -0.000000001186813
    -0.031217183848531     0.008316694361950    -0.000000000381516
    -0.000000001186813    -0.000000000381516    -0.010660868737572
2 9
     0.026755487953003    -0.020935596355277     0.000000000037117
    -0.020935596355277    -0.020764024505991    -0.000000001246281
     0.000000000037117    -0.000000001246281    -0.010660868737572
2 10
     0.002120675592773    -0.045167993042005    -0.000000001580481
    -0.045167993042005     0.113905751872759     0.000000003463815
    -0.000000001580481     0.000000003463815    -0.013848622250277
2 11
     0.026755487953003    -0.020935596355277     0.000000000037117
    -0.020935596355277    -0.020764024505991    -0.000000001246281
     0.000000000037117    -0.000000001246281    -0.010660868737572
2 12
    -0.050493078282792    -0.032877296626478    -0.000000002423280
    -0.032877296626478    -0.073740839338909    -0.000000003426124
    -0.000000002423280    -0.000000003426124    -0.027245320589076
2 13
    -0.005449960865671    -0.244932599917998    -0.000000011699912
    -0.244932599917998    -0.178643475606803    -0.000000016551785
    -0.000000011699912    -0.000000016551785     0.167743544372848
2 14
    -0.139181930201333     0.616220302482886     0.000000019672839
     0.616220302482886    -1.664249329384127    -0.000000049924696
     0.000000019672839    -0.000000049924696     0.078684853948866
2 15
    -0.071773993832812     0.078715006915113     0.000000000928042
     0.078715006915113    -0.016114074674112     0.000000001316416
     0.000000000928042     0.000000001316416     0.016413596470011
2 16
    -0.002325230915366    -0.031217183848531    -0.000000001186813
    -0.031217183848531     0.008316694361950    -0.000000000381516
    -0.000000001186813    -0.000000000381516    -0.010660868737572
2 17
    -0.071773993831630    -0.039357506410509     0.068169193943295
    -0.039357506410509     0.008281675991420     0.014084896322295
     0.068169193943295     0.014084896322295    -0.007982154195333
2 18
    -0.139181930192080    -0.308110163610486     0.533662429131880
    -0.308110163610486    -0.357048731839249     0.754712663023213
     0.533662429131880     0.754712663023213    -1.228515743640033
2 19
    -0.005449960869349     0.122466301517700    -0.212117852849959
     0.122466301517700     0.081146787171608     0.149989980693805
    -0.212117852849959     0.149989980693805    -0.092046718419828
2 20
    -0.002325230915834     0.015608592386529    -0.027034873981047
     0.015608592386529    -0.005916476726367    -0.008217526586502
    -0.027034873981047    -0.008217526586502     0.003572302350856
2 21
    -0.002325232097567     0.015608591371207     0.027034875010509
     0.015608591371207    -0.005916477234420     0.008217526882914
     0.027034875010509     0.008217526882914     0.003572306689466
2 22
    -0.005449970141321     0.122466298238688     0.212117864269670
     0.122466298238688     0.081146796444818    -0.149989964537736
     0.212117864269670    -0.149989964537736    -0.092046718400997
2 23
    -0.139181906864939    -0.308110130618724    -0.533662434533171
    -0.308110130618724    -0.357048685178738    -0.754712670661664
    -0.533662434533171    -0.754712670661664    -1.228515923276082
2 24
    -0.071773990851858    -0.039357503995375    -0.068169200919392
    -0.039357503995375     0.008281676862226    -0.014084897627838
    -0.068169200919392    -0.014084897627838    -0.007982164082570
2 25
     0.001235301595935     0.004337918725300    -0.007513495455096
     0.004337918725300     0.004302673193011     0.005312843940837
    -0.007513495455096     0.005312843940837    -0.001832070278080
2 26
    -0.015328064595619     0.011011396122374     0.001264066929912
     0.011011396122374     0.007086356953309    -0.028227899127379
     0.001264066929912    -0.028227899127379     0.003572302352112
2 27
     0.024124343331556    -0.005452320364174     0.009443699693175
    -0.005452320364174    -0.087616657319549    -0.068965504645412
     0.009443699693175    -0.068965504645412    -0.007982164079125
2 28
    -0.015328064150977    -0.006600411841925    -0.008904116465446
    -0.006600411841925    -0.019995260457065    -0.012592322566705
    -0.008904116465446    -0.012592322566705     0.030653920135973
2 29
    -0.015328064540189    -0.006600412392390     0.008904114411563
    -0.006600412392390    -0.019995261235592     0.012592319662619
     0.008904114411563     0.012592319662619     0.030653923133186
2 30
     0.024124343744353    -0.005452321579533    -0.009443698597062
    -0.005452321579533    -0.087616661583378     0.068965497636470
    -0.009443698597062     0.068965497636470    -0.007982154198778
2 31
    -0.015328064540365     0.011011395544509    -0.001264066994960
     0.011011395544509     0.007086355208105     0.028227900197114
    -0.001264066994960     0.028227900197114     0.003572306688210
2 32
     0.001235301267509     0.004337918609153     0.007513495908554
     0.004337918609153     0.004302673521480    -0.005312843299427
     0.007513495908554    -0.005312843299427    -0.001832070277413
2 33
     0.026755487952689     0.010467799208990    -0.018130757691913
     0.010467799208990    -0.013186657082438     0.004374794432661
    -0.018130757691913     0.004374794432661    -0.018238236161749
2 34
     0.002120675592094     0.022583997307817    -0.039116628957859
     0.022583997307817     0.018089974378743    -0.055319268506790
    -0.039116628957859    -0.055319268506790     0.081967155246966
2 35
     0.026755487952689     0.010467799208990    -0.018130757691913
     0.010467799208990    -0.013186657082438     0.004374794432661
    -0.018130757691913     0.004374794432661    -0.018238236161749
2 36
    -0.050493078283286     0.016438647784663    -0.028472574393117
     0.016438647784663    -0.038869199528146     0.020133149769178
    -0.028472574393117     0.020133149769178    -0.062116960401754
2 37
     0.001235301596065    -0.008675837297822    -0.000000000389948
    -0.008675837297822    -0.004899442229135    -0.000000000551716
    -0.000000000389948    -0.000000000551716     0.007370045144571
2 38
    -0.015328064595465    -0.004410984548419     0.010168181995116
    -0.004410984548419     0.028896895465179    -0.015635577243451
     0.010168181995116    -0.015635577243451    -0.018238236160492
2 39
     0.024124343331392     0.010904644021501     0.000000002502115
     0.010904644021501     0.031835091617373     0.000000003538273
     0.000000002502115     0.000000003538273    -0.127433913021079
2 40
    -0.015328064150999    -0.004410984575819    -0.010168182806764
    -0.004410984575819     0.028896894498501     0.015635579851718
    -0.010168182806764     0.015635579851718    -0.018238234821607
2 41
     0.026755487160168     0.010467798744133     0.018130760422634
     0.010467798744133    -0.013186656811964    -0.004374794327246
     0.018130760422634    -0.004374794327246    -0.018238234820351
2 42
    -0.050493079527862     0.016438647344521     0.028472574220382
     0.016438647344521    -0.038869198283403    -0.020133150009307
     0.028472574220382    -0.020133150009307    -0.062116960399226
2 43
     0.026755487160168     0.010467798744133     0.018130760422634
     0.010467798744133    -0.013186656811964    -0.004374794327246
     0.018130760422634    -0.004374794327246    -0.018238234820351
2 44
     0.002120673882251     0.022583994889572     0.039116629076779
     0.022583994889572     0.018089970958600     0.055319268675500
     0.039116629076779     0.055319268675500     0.081967168414010
2 45
     0.024124343331392     0.010904644021501     0.000000002502115
     0.010904644021501     0.031835091617373     0.000000003538273
     0.000000002502115     0.000000003538273    -0.127433913021079
2 46
    -0.015328064595465    -0.004410984548419     0.010168181995116
    -0.004410984548419     0.028896895465179    -0.015635577243451
     0.010168181995116    -0.015635577243451    -0.018238236160492
2 47
     0.001235301596065    -0.008675837297822    -0.000000000389948
    -0.008675837297822    -0.004899442229135    -0.000000000551716
    -0.000000000389948    -0.000000000551716     0.007370045144571
2 48
    -0.015328064150999    -0.004410984575819    -0.010168182806764
    -0.004410984575819     0.028896894498501     0.015635579851718
    -0.010168182806764     0.015635579851718    -0.018238234821607
2 49
    -0.005449960869349     0.122466301517700    -0.212117852849959
     0.122466301517700     0.081146787171608     0.149989980693805
    -0.212117852849959     0.149989980693805    -0.092046718419828
2 50
    -0.139181930192080    -0.308110163610486     0.533662429131880
    -0.308110163610486    -0.357048731839249     0.754712663023213
     0.533662429131880     0.754712663023213    -1.228515743640033
2 51
    -0.071773993831630    -0.039357506410509     0.068169193943295
    -0.039357506410509     0.008281675991420     0.014084896322295
     0.068169193943295     0.014084896322295    -0.007982154195333
2 52
    -0.002325230915834     0.015608592386529    -0.027034873981047
     0.015608592386529    -0.005916476726367    -0.008217526586502
    -0.027034873981047    -0.008217526586502     0.003572302350856
2 53
    -0.015328064540365     0.011011395544509    -0.001264066994960
     0.011011395544509     0.007086355208105     0.028227900197114
    -0.001264066994960     0.028227900197114     0.003572306688210
2 54
     0.024124343744353    -0.005452321579533    -0.009443698597062
    -0.005452321579533    -0.087616661583378     0.068965497636470
    -0.009443698597062     0.068965497636470    -0.007982154198778
2 55
    -0.015328064540189    -0.006600412392390     0.008904114411563
    -0.006600412392390    -0.019995261235592     0.012592319662619
     0.008904114411563     0.012592319662619     0.030653923133186
2 56
     0.001235301267509     0.004337918609153     0.007513495908554
     0.004337918609153     0.004302673521480    -0.005312843299427
     0.007513495908554    -0.005312843299427    -0.001832070277413
2 57
     0.024124343331556    -0.005452320364174     0.009443699693175
    -0.005452320364174    -0.087616657319549    -0.068965504645412
     0.009443699693175    -0.068965504645412    -0.007982164079125
2 58
    -0.015328064595619     0.011011396122374     0.001264066929912
     0.011011396122374     0.007086356953309    -0.028227899127379
     0.001264066929912    -0.028227899127379     0.003572302352112
2 59
     0.001235301595935     0.004337918725300    -0.007513495455096
     0.004337918725300     0.004302673193011     0.005312843940837
    -0.007513495455096     0.005312843940837    -0.001832070278080
2 60
    -0.015328064150977    -0.006600411841925    -0.008904116465446
    -0.006600411841925    -0.019995260457065    -0.012592322566705
    -0.008904116465446    -0.012592322566705     0.030653920135973
2 61
    -0.139181906864939    -0.308110130618724    -0.533662434533171
    -0.308110130618724    -0.357048685178738    -0.754712670661664
    -0.533662434533171    -0.754712670661664    -1.228515923276082
2 62
    -0.005449970141322     0.122466298238688     0.212117864269670
     0.122466298238688     0.081146796444818    -0.149989964537736
     0.212117864269670    -0.149989964537736    -0.092046718400997
2 63
    -0.002325232097567     0.015608591371207     0.027034875010509
     0.015608591371207    -0.005916477234420     0.008217526882914
     0.027034875010509     0.008217526882914     0.003572306689466
2 64
    -0.071773990851858    -0.039357503995375    -0.068169200919392
    -0.039357503995375     0.008281676862226    -0.014084897627838
    -0.068169200919392    -0.014084897627838    -0.007982164082570
3 1
     0.129875049330094     0.000000002191248     0.000000003796360
     0.000000002191248    -0.013848621862682    -0.000000000335178
     0.000000003796360    -0.000000000335178    -0.013848622250277
3 2
    -1.882116111357748    -0.000000030984642    -0.000000053682612
    -0.000000030984642     0.078684851746637     0.000000001904409
    -0.000000053682612     0.000000001904409     0.078684853948866
3 3
     4.963107024853631     0.000000049057741     0.000000085056560
     0.000000049057741     4.963107059469654     0.000000120122126
     0.000000085056560     0.000000120122126     4.963107198377027
3 4
    -1.882116111357748    -0.000000030984642    -0.000000053682612
    -0.000000030984642     0.078684851746637     0.000000001904409
    -0.000000053682612     0.000000001904409     0.078684853948866
3 5
    -0.002325230915366    -0.031217183848531    -0.000000001186813
    -0.031217183848531     0.008316694361950    -0.000000000381516
    -0.000000001186813    -0.000000000381516    -0.010660868737572
3 6
    -0.071773993832812     0.078715006915113     0.000000000928042
     0.078715006915113    -0.016114074674112     0.000000001316416
     0.000000000928042     0.000000001316416     0.016413596470011
3 7
    -0.139181930201333     0.616220302482886     0.000000019672839
     0.616220302482886    -1.664249329384127    -0.000000049924696
     0.000000019672839    -0.000000049924696     0.078684853948866
3 8
    -0.005449960865671    -0.244932599917998    -0.000000011699912
    -0.244932599917998    -0.178643475606803    -0.000000016551785
    -0.000000011699912    -0.000000016551785     0.167743544372848
3 9
    -0.050493078282792    -0.032877296626478    -0.000000002423280
    -0.032877296626478    -0.073740839338909    -0.000000003426124
    -0.000000002423280    -0.000000003426124    -0.027245320589076
3 10
     0.026755487953003    -0.020935596355277     0.000000000037117
    -0.020935596355277    -0.020764024505991    -0.000000001246281
     0.000000000037117    -0.000000001246281    -0.010660868737572
3 11
     0.002120675592773    -0.045167993042005    -0.000000001580481
    -0.045167993042005     0.113905751872759     0.000000003463815
    -0.000000001580481     0.000000003463815    -0.013848622250277
3 12
     0.026755487953003    -0.020935596355277     0.000000000037117
    -0.020935596355277    -0.020764024505991    -0.000000001246281
     0.000000000037117    -0.000000001246281    -0.010660868737572
3 13
    -0.002325230915366    -0.031217183848531    -0.000000001186813
    -0.031217183848531     0.008316694361950    -0.000000000381516
    -0.000000001186813    -0.000000000381516    -0.010660868737572
3 14
    -0.005449960865671    -0.244932599917998    -0.000000011699912
    -0.244932599917998    -0.178643475606803    -0.000000016551785
    -0.000000011699912    -0.000000016551785     0.167743544372848
3 15
    -0.139181930201333     0.616220302482886     0.000000019672839
     0.616220302482886    -1.664249329384127    -0.000000049924696
     0.000000019672839    -0.000000049924696     0.078684853948866
3 16
    -0.071773993832812     0.078715006915113     0.000000000928042
     0.078715006915113    -0.016114074674112     0.000000001316416
     0.000000000928042     0.000000001316416     0.016413596470011
3 17
    -0.002325230915834     0.015608592386529    -0.027034873981047
     0.015608592386529    -0.005916476726367    -0.008217526586502
    -0.027034873981047    -0.008217526586502     0.003572302350856
3 18
    -0.071773993831630    -0.039357506410509     0.068169193943295
    -0.039357506410509     0.008281675991420     0.014084896322295
     0.068169193943295     0.014084896322295    -0.007982154195333
3 19
    -0.139181930192080    -0.308110163610486     0.533662429131880
    -0.308110163610486    -0.357048731839249     0.754712663023213
     0.533662429131880     0.754712663023213    -1.228515743640033
3 20
    -0.005449960869349     0.122466301517700    -0.212117852849959
     0.122466301517700     0.081146787171608     0.149989980693805
    -0.212117852849959     0.149989980693805    -0.092046718419828
3 21
    -0.071773990851858    -0.039357503995375    -0.068169200919392
    -0.039357503995375     0.008281676862226    -0.014084897627838
    -0.068169200919392    -0.014084897627838    -0.007982164082570
3 22
    -0.002325232097567     0.015608591371207     0.027034875010509
     0.015608591371207    -0.005916477234420     0.008217526882914
     0.027034875010509     0.008217526882914     0.003572306689466
3 23
    -0.005449970141321     0.122466298238688     0.212117864269670
     0.122466298238688     0.081146796444818    -0.149989964537736
     0.212117864269670    -0.149989964537736    -0.092046718400997
3 24
    -0.139181906864939    -0.308110130618724    -0.533662434533171
    -0.308110130618724    -0.357048685178738    -0.754712670661664
    -0.533662434533171    -0.754712670661664    -1.228515923276082
3 25
    -0.015328064150977    -0.006600411841925    -0.008904116465446
    -0.006600411841925    -0.019995260457065    -0.012592322566705
    -0.008904116465446    -0.012592322566705     0.030653920135973
3 26
     0.001235301595935     0.004337918725300    -0.007513495455096
     0.004337918725300     0.004302673193011     0.005312843940837
    -0.007513495455096     0.005312843940837    -0.001832070278080
3 27
    -0.015328064595619     0.011011396122374     0.001264066929912
     0.011011396122374     0.007086356953309    -0.028227899127379
     0.001264066929912    -0.028227899127379     0.003572302352112
3 28
     0.024124343331556    -0.005452320364174     0.009443699693175
    -0.005452320364174    -0.087616657319549    -0.068965504645412
     0.009443699693175    -0.068965504645412    -0.007982164079125
3 29
     0.001235301267509     0.004337918609153     0.007513495908554
     0.004337918609153     0.004302673521480    -0.005312843299427
     0.007513495908554    -0.005312843299427    -0.001832070277413
3 30
    -0.015328064540189    -0.006600412392390     0.008904114411563
    -0.006600412392390    -0.019995261235592     0.012592319662619
     0.008904114411563     0.012592319662619     0.030653923133186
3 31
     0.024124343744353    -0.005452321579533    -0.009443698597062
    -0.005452321579533    -0.087616661583378     0.068965497636470
    -0.009443698597062     0.068965497636470    -0.007982154198778
3 32
    -0.015328064540365     0.011011395544509    -0.001264066994960
     0.011011395544509     0.007086355208105     0.028227900197114
    -0.001264066994960     0.028227900197114     0.003572306688210
3 33
    -0.050493078283286     0.016438647784663    -0.028472574393117
     0.016438647784663    -0.038869199528146     0.020133149769178
    -0.028472574393117     0.020133149769178    -0.062116960401754
3 34
     0.026755487952689     0.010467799208990    -0.018130757691913
     0.010467799208990    -0.013186657082438     0.004374794432661
    -0.018130757691913     0.004374794432661    -0.018238236161749
3 35
     0.002120675592094     0.022583997307817    -0.039116628957859
     0.022583997307817     0.018089974378743    -0.055319268506790
    -0.039116628957859    -0.055319268506790     0.081967155246966
3 36
     0.026755487952689     0.010467799208990    -0.018130757691913
     0.010467799208990    -0.013186657082438     0.004374794432661
    -0.018130757691913     0.004374794432661    -0.018238236161749
3 37
    -0.015328064150999    -0.004410984575819    -0.010168182806764
    -0.004410984575819     0.028896894498501     0.015635579851718
    -0.010168182806764     0.015635579851718    -0.018238234821607
3 38
     0.001235301596065    -0.008675837297822    -0.000000000389948
    -0.008675837297822    -0.004899442229135    -0.000000000551716
    -0.000000000389948    -0.000000000551716     0.007370045144571
3 39
    -0.015328064595465    -0.004410984548419     0.010168181995116
    -0.004410984548419     0.028896895465179    -0.015635577243451
     0.010168181995116    -0.015635577243451    -0.018238236160492
3 40
     0.024124343331392     0.010904644021501     0.000000002502115
     0.010904644021501     0.031835091617373     0.000000003538273
     0.000000002502115     0.000000003538273    -0.127433913021079
3 41
     0.002120673882251     0.022583994889572     0.039116629076779
     0.022583994889572     0.018089970958600     0.055319268675500
     0.039116629076779     0.055319268675500     0.081967168414010
3 42
     0.026755487160168     0.010467798744133     0.018130760422634
     0.010467798744133    -0.013186656811964    -0.004374794327246
     0.018130760422634    -0.004374794327246    -0.018238234820351
3 43
    -0.050493079527862     0.016438647344521     0.028472574220382
     0.016438647344521    -0.038869198283403    -0.020133150009307
     0.028472574220382    -0.020133150009307    -0.062116960399226
3 44
     0.026755487160168     0.010467798744133     0.018130760422634
     0.010467798744133    -0.013186656811964    -0.004374794327246
     0.018130760422634    -0.004374794327246    -0.018238234820351
3 45
    -0.015328064150999    -0.004410984575819    -0.010168182806764
    -0.004410984575819     0.028896894498501     0.015635579851718
    -0.010168182806764     0.015635579851718    -0.018238234821608
3 46
     0.024124343331392     0.010904644021501     0.000000002502115
     0.010904644021501     0.031835091617373     0.000000003538273
     0.000000002502115     0.000000003538273    -0.127433913021079
3 47
    -0.015328064595465    -0.004410984548419     0.010168181995116
    -0.004410984548419     0.028896895465179    -0.015635577243451
     0.010168181995116    -0.015635577243451    -0.018238236160492
3 48
     0.001235301596065    -0.008675837297822    -0.000000000389948
    -0.008675837297822    -0.004899442229135    -0.000000000551716
    -0.000000000389948    -0.000000000551716     0.007370045144571
3 49
    -0.002325230915834     0.015608592386529    -0.027034873981047
     0.015608592386529    -0.005916476726367    -0.008217526586502
    -0.027034873981047    -0.008217526586502     0.003572302350856
3 50
    -0.005449960869349     0.122466301517700    -0.212117852849959
     0.122466301517700     0.081146787171608     0.149989980693805
    -0.212117852849959     0.149989980693805    -0.092046718419828
3 51
    -0.139181930192080    -0.308110163610486     0.533662429131880
    -0.308110163610486    -0.357048731839249     0.754712663023213
     0.533662429131880     0.754712663023213    -1.228515743640033
3 52
    -0.071773993831630    -0.039357506410509     0.068169193943295
    -0.039357506410509     0.008281675991420     0.014084896322295
     0.068169193943295     0.014084896322295    -0.007982154195333
3 53
     0.001235301267509     0.004337918609153     0.007513495908554
     0.004337918609153     0.004302673521480    -0.005312843299427
     0.007513495908554    -0.005312843299427    -0.001832070277413
3 54
    -0.015328064540365     0.011011395544509    -0.001264066994960
     0.011011395544509     0.007086355208105     0.028227900197114
    -0.001264066994960     0.028227900197114     0.003572306688210
3 55
     0.024124343744353    -0.005452321579533    -0.009443698597062
    -0.005452321579533    -0.087616661583378     0.068965497636470
    -0.009443698597062     0.068965497636470    -0.007982154198778
3 56
    -0.015328064540189    -0.006600412392390     0.008904114411563
    -0.006600412392390    -0.019995261235592     0.012592319662619
     0.008904114411563     0.012592319662619     0.030653923133186
3 57
    -0.015328064150977    -0.006600411841925    -0.008904116465446
    -0.006600411841925    -0.019995260457065    -0.012592322566705
    -0.008904116465446    -0.012592322566705     0.030653920135973
3 58
     0.024124343331556    -0.005452320364174     0.009443699693175
    -0.005452320364174    -0.087616657319549    -0.068965504645412
     0.009443699693175    -0.068965504645412    -0.007982164079125
3 59
    -0.015328064595619     0.011011396122374     0.001264066929912
     0.011011396122374     0.007086356953309    -0.028227899127379
     0.001264066929912    -0.028227899127379     0.003572302352112
3 60
     0.001235301595935     0.004337918725300    -0.007513495455096
     0.004337918725300     0.004302673193011     0.005312843940837
    -0.007513495455096     0.005312843940837    -0.001832070278080
3 61
    -0.071773990851858    -0.039357503995375    -0.068169200919392
    -0.039357503995375     0.008281676862226    -0.014084897627838
    -0.068169200919392    -0.014084897627838    -0.007982164082570
3 62
    -0.139181906864939    -0.308110130618724    -0.533662434533171
    -0.308110130618724    -0.357048685178738    -0.754712670661664
    -0.533662434533171    -0.754712670661664    -1.228515923276082
3 63
    -0.005449970141321     0.122466298238688     0.212117864269670
     0.122466298238688     0.081146796444818    -0.149989964537736
     0.212117864269670    -0.149989964537736    -0.092046718400997
3 64
    -0.002325232097567     0.015608591371207     0.027034875010509
     0.015608591371207    -0.005916477234420     0.008217526882914
     0.027034875010509     0.008217526882914     0.003572306689466
4 1
    -1.882116111357748    -0.000000030984642    -0.000000053682612
    -0.000000030984642     0.078684851746637     0.000000001904409
    -0.000000053682612     0.000000001904409     0.078684853948866
4 2
     0.129875049330094     0.000000002191248     0.000000003796360
     0.000000002191248    -0.013848621862682    -0.000000000335178
     0.000000003796360    -0.000000000335178    -0.013848622250277
4 3
