  64   64
1 1
     4.867578738808912     0.000000050372476     0.000000087329379
     0.000000050372476     4.867578774352633     0.000000123339851
     0.000000087329379     0.000000123339851     4.867578916975481
1 2
    -1.857183157503981    -0.000000031126228    -0.000000053926952
    -0.000000031126228     0.100515675396915     0.000000002546971
    -0.000000053926952     0.000000002546971     0.100515678342081
1 3
     0.139287755529433     0.000000002367872     0.000000004102334
     0.000000002367872    -0.013033527906838    -0.000000000330257
     0.000000004102334    -0.000000000330257    -0.013033528288728
1 4
    -1.857183157503981    -0.000000031126228    -0.000000053926952
    -0.000000031126228     0.100515675396915     0.000000002546971
    -0.000000053926952     0.000000002546971     0.100515678342081
1 5
    -0.117006425284098     0.615245396850357     0.000000020360831
     0.615245396850357    -1.639661056796156    -0.000000049941495
     0.000000020360831    -0.000000049941495     0.100515678342081
1 6
    -0.039794023479062    -0.275946794245302    -0.000000013868489
    -0.275946794245302    -0.234917886912299    -0.000000019618193
    -0.000000013868489    -0.000000019618193     0.155329828142837
1 7
    -0.003228957528590    -0.025903598037598    -0.000000001111028
    -0.025903598037598     0.009692893154806    -0.000000000315057
    -0.000000001111028    -0.000000000315057    -0.002177991168079
1 8
    -0.053509375095495     0.060999524318468     0.000000000836570
     0.060999524318468    -0.010376194710390     0.000000001186101
     0.000000000836570     0.000000001186101     0.008931842928943
1 9
     0.003891059808540    -0.047869961908200    -0.000000001677723
    -0.047869961908200     0.122363167811969     0.000000003753676
    -0.000000001677723     0.000000003753676    -0.013033528288728
1 10
     0.024538563651888    -0.016086296072676     0.000000000074361
    -0.016086296072676    -0.018074628025244    -0.000000001152602
     0.000000000074361    -0.000000001152601    -0.002177991168079
1 11
    -0.049043145682538    -0.031122309435928    -0.000000002363503
    -0.031122309435928    -0.071049943306414    -0.000000003341595
    -0.000000002363503    -0.000000003341595    -0.027036351346971
1 12
     0.024538563651888    -0.016086296072677     0.000000000074361
    -0.016086296072677    -0.018074628025244    -0.000000001152601
     0.000000000074361    -0.000000001152601    -0.002177991168079
1 13
    -0.117006425284098     0.615245396850357     0.000000020360831
     0.615245396850357    -1.639661056796156    -0.000000049941495
     0.000000020360831    -0.000000049941495     0.100515678342081
1 14
    -0.053509375095495     0.060999524318468     0.000000000836570
     0.060999524318468    -0.010376194710390     0.000000001186101
     0.000000000836570     0.000000001186101     0.008931842928943
1 15
    -0.003228957528590    -0.025903598037598    -0.000000001111028
    -0.025903598037598     0.009692893154806    -0.000000000315057
    -0.000000001111028    -0.000000000315057    -0.002177991168079
1 16
    -0.039794023479062    -0.275946794245302    -0.000000013868489
    -0.275946794245302    -0.234917886912299    -0.000000019618193
    -0.000000013868489    -0.000000019618193     0.155329828142837
1 17
    -0.117006425275156    -0.307622710152424     0.532818136459448
    -0.307622710152424    -0.334528545252063     0.753518652845719
     0.532818136459448     0.753518652845719    -1.204616833247296
1 18
    -0.039794023483073     0.137973398284165    -0.238976933245979
     0.137973398284165     0.057767897734889     0.168982218451628
    -0.238976933245979     0.168982218451628    -0.137355956520522
1 19
    -0.003228957528967     0.012951799293038    -0.022433173792060
     0.012951799293038     0.000789730751986    -0.005140244179018
    -0.022433173792060    -0.005140244179018     0.006725171234734
1 20
    -0.053509375094609    -0.030499764345958     0.052827136416616
    -0.030499764345958     0.004104831570476     0.008360626671084
     0.052827136416616     0.008360626671084    -0.005549183351638
1 21
    -0.039794033545169     0.137973394725704     0.238976944972630
     0.137973394725704     0.057767907798361    -0.168982201858464
     0.238976944972630    -0.168982201858464    -0.137355956499326
1 22
    -0.117006402840910    -0.307622678423440    -0.532818142510753
    -0.307622678423440    -0.334528500377436    -0.753518661404961
    -0.532818142510754    -0.753518661404961    -1.204617015167202
1 23
    -0.053509372870328    -0.030499762596927    -0.052827141800175
    -0.030499762596927     0.004104832068381    -0.008360627912083
    -0.052827141800175    -0.008360627912083    -0.005549190712318
1 24
    -0.003228958473513     0.012951798516837     0.022433174508674
     0.012951798516837     0.000789730445867     0.005140244779706
     0.022433174508674     0.005140244779706     0.006725174616292
1 25
    -0.007797506330754     0.011336573258329     0.002631456423670
     0.011336573258329     0.005358279553776    -0.022863613749257
     0.002631456423670    -0.022863613749257     0.006725171235845
1 26
     0.016873555289940    -0.005615637923712     0.009726572862470
    -0.005615637923712    -0.066278096090623    -0.052592782680253
     0.009726572862470    -0.052592782680253    -0.005549190709544
1 27
    -0.007797505861793    -0.007947194218774    -0.008502033218388
    -0.007947194218774    -0.013417021187652    -0.012023690972190
    -0.008502033218388    -0.012023690972190     0.025500471809175
1 28
    -0.005118982828124     0.003465329393548    -0.006002126655147
     0.003465329393548    -0.002668625023643     0.004244144513879
    -0.006002126655147     0.004244144513879    -0.007569341110330
1 29
     0.016873555699476    -0.005615638741293    -0.009726572236764
    -0.005615638741293    -0.066278099222704     0.052592777193373
    -0.009726572236764     0.052592777193373    -0.005549183354413
1 30
    -0.007797506219957     0.011336572855350    -0.002631456097116
     0.011336572855350     0.005358278192169     0.022863614625545
    -0.002631456097116     0.022863614625545     0.006725174615180
1 31
    -0.005118983080843     0.003465329304174     0.006002126801856
     0.003465329304174    -0.002668624770890    -0.004244144305896
     0.006002126801856    -0.004244144305896    -0.007569341109797
1 32
    -0.007797506219770    -0.007947194725065     0.008502031598203
    -0.007947194725065    -0.013417021903704     0.012023688680936
     0.008502031598203     0.012023688680936     0.025500474712020
1 33
     0.003891059807844     0.023934981785636    -0.041456602610409
     0.023934981785636     0.020815648948435    -0.058628491060833
    -0.041456602610409    -0.058628491060833     0.088513990578329
1 34
     0.024538563651654     0.008043148868458    -0.013931140571546
     0.008043148868458    -0.006152150143010     0.006883445538615
    -0.013931140571546     0.006883445538615    -0.014100469051043
1 35
    -0.049043145682991     0.015561154157343    -0.026952710921197
     0.015561154157343    -0.038039748543151     0.019058443917608
    -0.026952710921197     0.019058443917608    -0.060046546112058
1 36
     0.024538563651654     0.008043148868458    -0.013931140571546
     0.008043148868458    -0.006152150143010     0.006883445538615
    -0.013931140571546     0.006883445538615    -0.014100469051043
1 37
    -0.007797506330612    -0.003389379131172     0.011133488458794
    -0.003389379131172     0.026183919838829    -0.010839923194080
     0.011133488458794    -0.010839923194080    -0.014100469049931
1 38
     0.016873555289777     0.011231278152038     0.000000001949430
     0.011231278152038     0.024815268801063     0.000000002756827
     0.000000001949430     0.000000002756827    -0.096642555605178
1 39
    -0.007797505861837    -0.003389379027860    -0.011133488878583
    -0.003389379027860     0.026183919193275     0.010839925527596
    -0.011133488878583     0.010839925527596    -0.014100468573442
1 40
    -0.005118982828023    -0.006930658856645    -0.000000000422228
    -0.006930658856645    -0.010019699054597    -0.000000000597114
    -0.000000000422228    -0.000000000597114    -0.000218267078970
1 41
    -0.049043146817832     0.015561153756006     0.026952710645046
     0.015561153756006    -0.038039747408155    -0.019058444304133
     0.026952710645046    -0.019058444304133    -0.060046546109667
1 42
     0.024538563065085     0.008043148598548     0.013931142912597
     0.008043148598548    -0.006152149733078    -0.006883445155786
     0.013931142912597    -0.006883445155786    -0.014100468572330
1 43
     0.003891058062319     0.023934979316922     0.041456602894193
     0.023934979316922     0.020815645456907     0.058628491462623
     0.041456602894193     0.058628491462623     0.088514004732842
1 44
     0.024538563065085     0.008043148598548     0.013931142912597
     0.008043148598548    -0.006152149733078    -0.006883445155786
     0.013931142912597    -0.006883445155786    -0.014100468572330
1 45
    -0.007797506330612    -0.003389379131172     0.011133488458794
    -0.003389379131172     0.026183919838829    -0.010839923194080
     0.011133488458794    -0.010839923194080    -0.014100469049931
1 46
    -0.005118982828023    -0.006930658856645    -0.000000000422228
    -0.006930658856645    -0.010019699054597    -0.000000000597114
    -0.000000000422228    -0.000000000597114    -0.000218267078970
1 47
    -0.007797505861837    -0.003389379027860    -0.011133488878583
    -0.003389379027860     0.026183919193275     0.010839925527596
    -0.011133488878583     0.010839925527596    -0.014100468573442
1 48
     0.016873555289777     0.011231278152038     0.000000001949430
     0.011231278152038     0.024815268801063     0.000000002756827
     0.000000001949430     0.000000002756827    -0.096642555605178
1 49
    -0.117006425275156    -0.307622710152424     0.532818136459448
    -0.307622710152424    -0.334528545252063     0.753518652845719
     0.532818136459448     0.753518652845719    -1.204616833247296
1 50
    -0.053509375094609    -0.030499764345958     0.052827136416616
    -0.030499764345958     0.004104831570476     0.008360626671084
     0.052827136416616     0.008360626671084    -0.005549183351638
1 51
    -0.003228957528967     0.012951799293038    -0.022433173792060
     0.012951799293038     0.000789730751986    -0.005140244179018
    -0.022433173792060    -0.005140244179018     0.006725171234734
1 52
    -0.039794023483073     0.137973398284165    -0.238976933245979
     0.137973398284165     0.057767897734889     0.168982218451628
    -0.238976933245979     0.168982218451628    -0.137355956520522
1 53
     0.016873555699476    -0.005615638741293    -0.009726572236764
    -0.005615638741293    -0.066278099222704     0.052592777193373
    -0.009726572236764     0.052592777193373    -0.005549183354413
1 54
    -0.007797506219770    -0.007947194725065     0.008502031598203
    -0.007947194725065    -0.013417021903704     0.012023688680936
     0.008502031598203     0.012023688680936     0.025500474712020
1 55
    -0.005118983080843     0.003465329304174     0.006002126801856
     0.003465329304174    -0.002668624770890    -0.004244144305896
     0.006002126801856    -0.004244144305896    -0.007569341109797
1 56
    -0.007797506219957     0.011336572855350    -0.002631456097116
     0.011336572855350     0.005358278192169     0.022863614625545
    -0.002631456097116     0.022863614625545     0.006725174615180
1 57
    -0.007797506330754     0.011336573258329     0.002631456423670
     0.011336573258329     0.005358279553776    -0.022863613749257
     0.002631456423670    -0.022863613749257     0.006725171235845
1 58
    -0.005118982828124     0.003465329393548    -0.006002126655147
     0.003465329393548    -0.002668625023643     0.004244144513879
    -0.006002126655147     0.004244144513879    -0.007569341110330
1 59
    -0.007797505861793    -0.007947194218774    -0.008502033218388
    -0.007947194218774    -0.013417021187652    -0.012023690972190
    -0.008502033218388    -0.012023690972190     0.025500471809175
1 60
     0.016873555289940    -0.005615637923712     0.009726572862470
    -0.005615637923712    -0.066278096090623    -0.052592782680253
     0.009726572862470    -0.052592782680253    -0.005549190709544
1 61
    -0.039794033545169     0.137973394725704     0.238976944972630
     0.137973394725704     0.057767907798361    -0.168982201858464
     0.238976944972630    -0.168982201858464    -0.137355956499326
1 62
    -0.003228958473513     0.012951798516837     0.022433174508674
     0.012951798516837     0.000789730445867     0.005140244779706
     0.022433174508674     0.005140244779706     0.006725174616292
1 63
    -0.053509372870328    -0.030499762596927    -0.052827141800175
    -0.030499762596927     0.004104832068380    -0.008360627912083
    -0.052827141800175    -0.008360627912083    -0.005549190712318
1 64
    -0.117006402840910    -0.307622678423440    -0.532818142510754
    -0.307622678423440    -0.334528500377436    -0.753518661404961
    -0.532818142510753    -0.753518661404961    -1.204617015167202
2 1
    -1.857183157503981    -0.000000031126228    -0.000000053926952
    -0.000000031126228     0.100515675396915     0.000000002546971
    -0.000000053926952     0.000000002546971     0.100515678342081
2 2
     4.867578738808913     0.000000050372476     0.000000087329379
     0.000000050372476     4.867578774352632     0.000000123339851
     0.000000087329379     0.000000123339851     4.867578916975482
2 3
    -1.857183157503981    -0.000000031126228    -0.000000053926952
    -0.000000031126228     0.100515675396915     0.000000002546971
    -0.000000053926952     0.000000002546971     0.100515678342081
2 4
     0.139287755529433     0.000000002367872     0.000000004102334
     0.000000002367872    -0.013033527906838    -0.000000000330257
     0.000000004102334    -0.000000000330257    -0.013033528288728
2 5
    -0.053509375095495     0.060999524318468     0.000000000836570
     0.060999524318468    -0.010376194710390     0.000000001186101
     0.000000000836570     0.000000001186101     0.008931842928943
2 6
    -0.117006425284098     0.615245396850357     0.000000020360831
     0.615245396850357    -1.639661056796156    -0.000000049941495
     0.000000020360831    -0.000000049941495     0.100515678342081
2 7
    -0.039794023479062    -0.275946794245302    -0.000000013868489
    -0.275946794245302    -0.234917886912299    -0.000000019618193
    -0.000000013868489    -0.000000019618193     0.155329828142837
2 8
    -0.003228957528590    -0.025903598037598    -0.000000001111028
    -0.025903598037598     0.009692893154806    -0.000000000315057
    -0.000000001111028    -0.000000000315057    -0.002177991168079
2 9
     0.024538563651888    -0.016086296072676     0.000000000074361
    -0.016086296072676    -0.018074628025244    -0.000000001152602
     0.000000000074361    -0.000000001152602    -0.002177991168079
2 10
     0.003891059808540    -0.047869961908200    -0.000000001677723
    -0.047869961908200     0.122363167811969     0.000000003753676
    -0.000000001677723     0.000000003753676    -0.013033528288728
2 11
     0.024538563651888    -0.016086296072676     0.000000000074361
    -0.016086296072676    -0.018074628025244    -0.000000001152602
     0.000000000074361    -0.000000001152602    -0.002177991168079
2 12
    -0.049043145682538    -0.031122309435928    -0.000000002363503
    -0.031122309435928    -0.071049943306414    -0.000000003341595
    -0.000000002363503    -0.000000003341595    -0.027036351346971
2 13
    -0.039794023479062    -0.275946794245302    -0.000000013868489
    -0.275946794245302    -0.234917886912299    -0.000000019618193
    -0.000000013868489    -0.000000019618193     0.155329828142837
2 14
    -0.117006425284098     0.615245396850357     0.000000020360831
     0.615245396850357    -1.639661056796156    -0.000000049941495
     0.000000020360831    -0.000000049941495     0.100515678342081
2 15
    -0.053509375095495     0.060999524318468     0.000000000836570
     0.060999524318468    -0.010376194710390     0.000000001186101
     0.000000000836570     0.000000001186101     0.008931842928943
2 16
    -0.003228957528590    -0.025903598037598    -0.000000001111028
    -0.025903598037598     0.009692893154806    -0.000000000315057
    -0.000000001111028    -0.000000000315057    -0.002177991168079
2 17
    -0.053509375094609    -0.030499764345958     0.052827136416616
    -0.030499764345958     0.004104831570476     0.008360626671084
     0.052827136416616     0.008360626671084    -0.005549183351638
2 18
    -0.117006425275156    -0.307622710152424     0.532818136459448
    -0.307622710152424    -0.334528545252063     0.753518652845719
     0.532818136459448     0.753518652845719    -1.204616833247296
2 19
    -0.039794023483073     0.137973398284165    -0.238976933245979
     0.137973398284165     0.057767897734889     0.168982218451628
    -0.238976933245979     0.168982218451628    -0.137355956520522
2 20
    -0.003228957528967     0.012951799293038    -0.022433173792060
     0.012951799293038     0.000789730751986    -0.005140244179018
    -0.022433173792060    -0.005140244179018     0.006725171234734
2 21
    -0.003228958473513     0.012951798516837     0.022433174508674
     0.012951798516837     0.000789730445867     0.005140244779706
     0.022433174508674     0.005140244779706     0.006725174616292
2 22
    -0.039794033545169     0.137973394725704     0.238976944972630
     0.137973394725704     0.057767907798361    -0.168982201858464
     0.238976944972630    -0.168982201858464    -0.137355956499326
2 23
    -0.117006402840910    -0.307622678423440    -0.532818142510753
    -0.307622678423440    -0.334528500377436    -0.753518661404961
    -0.532818142510754    -0.753518661404961    -1.204617015167202
2 24
    -0.053509372870328    -0.030499762596927    -0.052827141800175
    -0.030499762596927     0.004104832068381    -0.008360627912083
    -0.052827141800175    -0.008360627912083    -0.005549190712318
2 25
    -0.005118982828124     0.003465329393548    -0.006002126655147
     0.003465329393548    -0.002668625023643     0.004244144513879
    -0.006002126655147     0.004244144513879    -0.007569341110330
2 26
    -0.007797506330754     0.011336573258329     0.002631456423670
     0.011336573258329     0.005358279553776    -0.022863613749257
     0.002631456423670    -0.022863613749257     0.006725171235845
2 27
     0.016873555289940    -0.005615637923712     0.009726572862470
    -0.005615637923712    -0.066278096090623    -0.052592782680253
     0.009726572862470    -0.052592782680253    -0.005549190709544
2 28
    -0.007797505861793    -0.007947194218774    -0.008502033218388
    -0.007947194218774    -0.013417021187652    -0.012023690972190
    -0.008502033218388    -0.012023690972190     0.025500471809175
2 29
    -0.007797506219770    -0.007947194725065     0.008502031598203
    -0.007947194725065    -0.013417021903704     0.012023688680936
     0.008502031598203     0.012023688680936     0.025500474712020
2 30
     0.016873555699476    -0.005615638741293    -0.009726572236764
    -0.005615638741293    -0.066278099222704     0.052592777193373
    -0.009726572236764     0.052592777193373    -0.005549183354413
2 31
    -0.007797506219957     0.011336572855350    -0.002631456097116
     0.011336572855350     0.005358278192169     0.022863614625545
    -0.002631456097116     0.022863614625545     0.006725174615180
2 32
    -0.005118983080843     0.003465329304174     0.006002126801856
     0.003465329304174    -0.002668624770890    -0.004244144305896
     0.006002126801856    -0.004244144305896    -0.007569341109797
2 33
     0.024538563651654     0.008043148868458    -0.013931140571546
     0.008043148868458    -0.006152150143010     0.006883445538615
    -0.013931140571546     0.006883445538615    -0.014100469051043
2 34
     0.003891059807844     0.023934981785636    -0.041456602610409
     0.023934981785636     0.020815648948435    -0.058628491060833
    -0.041456602610409    -0.058628491060833     0.088513990578329
2 35
     0.024538563651654     0.008043148868458    -0.013931140571546
     0.008043148868458    -0.006152150143010     0.006883445538615
    -0.013931140571546     0.006883445538615    -0.014100469051043
2 36
    -0.049043145682991     0.015561154157343    -0.026952710921197
     0.015561154157343    -0.038039748543151     0.019058443917608
    -0.026952710921197     0.019058443917608    -0.060046546112058
2 37
    -0.005118982828023    -0.006930658856645    -0.000000000422228
    -0.006930658856645    -0.010019699054597    -0.000000000597114
    -0.000000000422228    -0.000000000597114    -0.000218267078970
2 38
    -0.007797506330612    -0.003389379131172     0.011133488458794
    -0.003389379131172     0.026183919838829    -0.010839923194080
     0.011133488458794    -0.010839923194080    -0.014100469049931
2 39
     0.016873555289777     0.011231278152038     0.000000001949430
     0.011231278152038     0.024815268801063     0.000000002756827
     0.000000001949430     0.000000002756827    -0.096642555605178
2 40
    -0.007797505861837    -0.003389379027860    -0.011133488878583
    -0.003389379027860     0.026183919193275     0.010839925527596
    -0.011133488878583     0.010839925527596    -0.014100468573442
2 41
     0.024538563065085     0.008043148598548     0.013931142912597
     0.008043148598548    -0.006152149733078    -0.006883445155786
     0.013931142912597    -0.006883445155786    -0.014100468572330
2 42
    -0.049043146817832     0.015561153756006     0.026952710645046
     0.015561153756006    -0.038039747408155    -0.019058444304133
     0.026952710645046    -0.019058444304133    -0.060046546109667
2 43
     0.024538563065085     0.008043148598548     0.013931142912597
     0.008043148598548    -0.006152149733078    -0.006883445155786
     0.013931142912597    -0.006883445155786    -0.014100468572330
2 44
     0.003891058062319     0.023934979316922     0.041456602894193
     0.023934979316922     0.020815645456907     0.058628491462623
     0.041456602894193     0.058628491462623     0.088514004732842
2 45
     0.016873555289777     0.011231278152038     0.000000001949430
     0.011231278152038     0.024815268801063     0.000000002756827
     0.000000001949430     0.000000002756827    -0.096642555605178
2 46
    -0.007797506330612    -0.003389379131172     0.011133488458794
    -0.003389379131172     0.026183919838829    -0.010839923194080
     0.011133488458794    -0.010839923194080    -0.014100469049931
2 47
    -0.005118982828023    -0.006930658856645    -0.000000000422228
    -0.006930658856645    -0.010019699054597    -0.000000000597114
    -0.000000000422228    -0.000000000597114    -0.000218267078970
2 48
    -0.007797505861837    -0.003389379027860    -0.011133488878583
    -0.003389379027860     0.026183919193275     0.010839925527596
    -0.011133488878583     0.010839925527596    -0.014100468573442
2 49
    -0.039794023483073     0.137973398284165    -0.238976933245979
     0.137973398284165     0.057767897734889     0.168982218451628
    -0.238976933245979     0.168982218451628    -0.137355956520522
2 50
    -0.117006425275156    -0.307622710152424     0.532818136459448
    -0.307622710152424    -0.334528545252063     0.753518652845719
     0.532818136459448     0.753518652845719    -1.204616833247296
2 51
    -0.053509375094609    -0.030499764345958     0.052827136416616
    -0.030499764345958     0.004104831570476     0.008360626671084
     0.052827136416616     0.008360626671084    -0.005549183351638
2 52
    -0.003228957528967     0.012951799293038    -0.022433173792060
     0.012951799293038     0.000789730751986    -0.005140244179018
    -0.022433173792060    -0.005140244179018     0.006725171234734
2 53
    -0.007797506219957     0.011336572855350    -0.002631456097116
     0.011336572855350     0.005358278192169     0.022863614625545
    -0.002631456097116     0.022863614625545     0.006725174615180
2 54
     0.016873555699476    -0.005615638741293    -0.009726572236764
    -0.005615638741293    -0.066278099222704     0.052592777193373
    -0.009726572236764     0.052592777193373    -0.005549183354413
2 55
    -0.007797506219770    -0.007947194725065     0.008502031598203
    -0.007947194725065    -0.013417021903704     0.012023688680936
     0.008502031598203     0.012023688680936     0.025500474712020
2 56
    -0.005118983080843     0.003465329304174     0.006002126801856
     0.003465329304174    -0.002668624770890    -0.004244144305896
     0.006002126801856    -0.004244144305896    -0.007569341109797
2 57
     0.016873555289940    -0.005615637923712     0.009726572862470
    -0.005615637923712    -0.066278096090623    -0.052592782680253
     0.009726572862470    -0.052592782680253    -0.005549190709544
2 58
    -0.007797506330754     0.011336573258329     0.002631456423670
     0.011336573258329     0.005358279553776    -0.022863613749257
     0.002631456423670    -0.022863613749257     0.006725171235845
2 59
    -0.005118982828124     0.003465329393548    -0.006002126655147
     0.003465329393548    -0.002668625023643     0.004244144513879
    -0.006002126655147     0.004244144513879    -0.007569341110330
2 60
    -0.007797505861793    -0.007947194218774    -0.008502033218388
    -0.007947194218774    -0.013417021187652    -0.012023690972190
    -0.008502033218388    -0.012023690972190     0.025500471809175
2 61
    -0.117006402840910    -0.307622678423440    -0.532818142510754
    -0.307622678423440    -0.334528500377436    -0.753518661404961
    -0.532818142510753    -0.753518661404961    -1.204617015167202
2 62
    -0.039794033545169     0.137973394725704     0.238976944972630
     0.137973394725704     0.057767907798361    -0.168982201858464
     0.238976944972630    -0.168982201858464    -0.137355956499326
2 63
    -0.003228958473513     0.012951798516837     0.022433174508674
     0.012951798516837     0.000789730445867     0.005140244779706
     0.022433174508674     0.005140244779706     0.006725174616292
2 64
    -0.053509372870328    -0.030499762596927    -0.052827141800175
    -0.030499762596927     0.004104832068381    -0.008360627912083
    -0.052827141800175    -0.008360627912083    -0.005549190712318
3 1
     0.139287755529433     0.000000002367872     0.000000004102334
     0.000000002367872    -0.013033527906838    -0.000000000330257
     0.000000004102334    -0.000000000330257    -0.013033528288728
3 2
    -1.857183157503981    -0.000000031126228    -0.000000053926952
    -0.000000031126228     0.100515675396915     0.000000002546971
    -0.000000053926952     0.000000002546971     0.100515678342081
3 3
     4.867578738808912     0.000000050372476     0.000000087329379
     0.000000050372476     4.867578774352633     0.000000123339851
     0.000000087329379     0.000000123339851     4.867578916975484
3 4
    -1.857183157503981    -0.000000031126228    -0.000000053926952
    -0.000000031126228     0.100515675396915     0.000000002546971
    -0.000000053926952     0.000000002546971     0.100515678342081
3 5
    -0.003228957528590    -0.025903598037598    -0.000000001111028
    -0.025903598037598     0.009692893154806    -0.000000000315057
    -0.000000001111028    -0.000000000315057    -0.002177991168079
3 6
    -0.053509375095495     0.060999524318468     0.000000000836570
     0.060999524318468    -0.010376194710390     0.000000001186101
     0.000000000836570     0.000000001186101     0.008931842928943
3 7
    -0.117006425284098     0.615245396850357     0.000000020360831
     0.615245396850357    -1.639661056796156    -0.000000049941495
     0.000000020360831    -0.000000049941495     0.100515678342081
3 8
    -0.039794023479062    -0.275946794245302    -0.000000013868489
    -0.275946794245302    -0.234917886912299    -0.000000019618193
    -0.000000013868489    -0.000000019618193     0.155329828142837
3 9
    -0.049043145682538    -0.031122309435928    -0.000000002363503
    -0.031122309435928    -0.071049943306414    -0.000000003341595
    -0.000000002363503    -0.000000003341595    -0.027036351346971
3 10
     0.024538563651888    -0.016086296072676     0.000000000074361
    -0.016086296072676    -0.018074628025244    -0.000000001152601
     0.000000000074361    -0.000000001152601    -0.002177991168079
3 11
     0.003891059808540    -0.047869961908200    -0.000000001677723
    -0.047869961908200     0.122363167811969     0.000000003753676
    -0.000000001677723     0.000000003753676    -0.013033528288728
3 12
     0.024538563651888    -0.016086296072677     0.000000000074361
    -0.016086296072677    -0.018074628025244    -0.000000001152601
     0.000000000074361    -0.000000001152601    -0.002177991168079
3 13
    -0.003228957528590    -0.025903598037598    -0.000000001111028
    -0.025903598037598     0.009692893154806    -0.000000000315057
    -0.000000001111028    -0.000000000315057    -0.002177991168079
3 14
    -0.039794023479062    -0.275946794245302    -0.000000013868489
    -0.275946794245302    -0.234917886912299    -0.000000019618193
    -0.000000013868489    -0.000000019618193     0.155329828142837
3 15
    -0.117006425284098     0.615245396850357     0.000000020360831
     0.615245396850357    -1.639661056796156    -0.000000049941495
     0.000000020360831    -0.000000049941495     0.100515678342081
3 16
    -0.053509375095495     0.060999524318468     0.000000000836570
     0.060999524318468    -0.010376194710390     0.000000001186101
     0.000000000836570     0.000000001186101     0.008931842928943
3 17
    -0.003228957528967     0.012951799293038    -0.022433173792060
     0.012951799293038     0.000789730751986    -0.005140244179018
    -0.022433173792060    -0.005140244179018     0.006725171234734
3 18
    -0.053509375094609    -0.030499764345958     0.052827136416616
    -0.030499764345958     0.004104831570476     0.008360626671084
     0.052827136416616     0.008360626671084    -0.005549183351639
3 19
    -0.117006425275156    -0.307622710152424     0.532818136459448
    -0.307622710152424    -0.334528545252063     0.753518652845719
     0.532818136459448     0.753518652845719    -1.204616833247296
3 20
    -0.039794023483073     0.137973398284165    -0.238976933245979
     0.137973398284165     0.057767897734889     0.168982218451628
    -0.238976933245979     0.168982218451628    -0.137355956520522
3 21
    -0.053509372870328    -0.030499762596927    -0.052827141800175
    -0.030499762596927     0.004104832068380    -0.008360627912083
    -0.052827141800175    -0.008360627912083    -0.005549190712318
3 22
    -0.003228958473513     0.012951798516837     0.022433174508674
     0.012951798516837     0.000789730445867     0.005140244779706
     0.022433174508674     0.005140244779706     0.006725174616292
3 23
    -0.039794033545169     0.137973394725704     0.238976944972630
     0.137973394725704     0.057767907798361    -0.168982201858464
     0.238976944972630    -0.168982201858464    -0.137355956499326
3 24
    -0.117006402840910    -0.307622678423440    -0.532818142510753
    -0.307622678423440    -0.334528500377436    -0.753518661404961
    -0.532818142510754    -0.753518661404961    -1.204617015167202
3 25
    -0.007797505861793    -0.007947194218774    -0.008502033218388
    -0.007947194218774    -0.013417021187652    -0.012023690972190
    -0.008502033218388    -0.012023690972190     0.025500471809175
3 26
    -0.005118982828124     0.003465329393548    -0.006002126655147
     0.003465329393548    -0.002668625023643     0.004244144513879
    -0.006002126655147     0.004244144513879    -0.007569341110330
3 27
    -0.007797506330754     0.011336573258329     0.002631456423670
     0.011336573258329     0.005358279553776    -0.022863613749257
     0.002631456423670    -0.022863613749257     0.006725171235845
3 28
     0.016873555289940    -0.005615637923712     0.009726572862470
    -0.005615637923712    -0.066278096090623    -0.052592782680253
     0.009726572862470    -0.052592782680253    -0.005549190709544
3 29
    -0.005118983080843     0.003465329304174     0.006002126801856
     0.003465329304174    -0.002668624770890    -0.004244144305896
     0.006002126801856    -0.004244144305896    -0.007569341109797
3 30
    -0.007797506219770    -0.007947194725065     0.008502031598203
    -0.007947194725065    -0.013417021903704     0.012023688680936
     0.008502031598203     0.012023688680936     0.025500474712020
3 31
     0.016873555699476    -0.005615638741293    -0.009726572236764
    -0.005615638741293    -0.066278099222704     0.052592777193373
    -0.009726572236764     0.052592777193373    -0.005549183354413
3 32
    -0.007797506219957     0.011336572855350    -0.002631456097116
     0.011336572855350     0.005358278192169     0.022863614625545
    -0.002631456097116     0.022863614625545     0.006725174615180
3 33
    -0.049043145682991     0.015561154157343    -0.026952710921197
     0.015561154157343    -0.038039748543151     0.019058443917608
    -0.026952710921197     0.019058443917608    -0.060046546112058
3 34
     0.024538563651654     0.008043148868458    -0.013931140571546
     0.008043148868458    -0.006152150143010     0.006883445538615
    -0.013931140571546     0.006883445538615    -0.014100469051043
3 35
     0.003891059807844     0.023934981785636    -0.041456602610409
     0.023934981785636     0.020815648948435    -0.058628491060833
    -0.041456602610409    -0.058628491060833     0.088513990578329
3 36
     0.024538563651654     0.008043148868458    -0.013931140571546
     0.008043148868458    -0.006152150143010     0.006883445538615
    -0.013931140571546     0.006883445538615    -0.014100469051043
3 37
    -0.007797505861837    -0.003389379027860    -0.011133488878583
    -0.003389379027860     0.026183919193275     0.010839925527596
    -0.011133488878583     0.010839925527596    -0.014100468573442
3 38
    -0.005118982828023    -0.006930658856645    -0.000000000422228
    -0.006930658856645    -0.010019699054597    -0.000000000597114
    -0.000000000422228    -0.000000000597114    -0.000218267078970
3 39
    -0.007797506330612    -0.003389379131172     0.011133488458794
    -0.003389379131172     0.026183919838829    -0.010839923194080
     0.011133488458794    -0.010839923194080    -0.014100469049931
3 40
     0.016873555289777     0.011231278152038     0.000000001949430
     0.011231278152038     0.024815268801063     0.000000002756827
     0.000000001949430     0.000000002756827    -0.096642555605178
3 41
     0.003891058062319     0.023934979316922     0.041456602894193
     0.023934979316922     0.020815645456907     0.058628491462623
     0.041456602894193     0.058628491462623     0.088514004732842
3 42
     0.024538563065085     0.008043148598548     0.013931142912597
     0.008043148598548    -0.006152149733078    -0.006883445155786
     0.013931142912597    -0.006883445155786    -0.014100468572330
3 43
    -0.049043146817832     0.015561153756006     0.026952710645046
     0.015561153756006    -0.038039747408155    -0.019058444304133
     0.026952710645046    -0.019058444304133    -0.060046546109667
3 44
     0.024538563065085     0.008043148598548     0.013931142912597
     0.008043148598548    -0.006152149733078    -0.006883445155786
     0.013931142912597    -0.006883445155786    -0.014100468572330
3 45
    -0.007797505861837    -0.003389379027860    -0.011133488878583
    -0.003389379027860     0.026183919193275     0.010839925527596
    -0.011133488878583     0.010839925527596    -0.014100468573442
3 46
     0.016873555289777     0.011231278152038     0.000000001949430
     0.011231278152038     0.024815268801063     0.000000002756827
     0.000000001949430     0.000000002756827    -0.096642555605178
3 47
    -0.007797506330612    -0.003389379131172     0.011133488458794
    -0.003389379131172     0.026183919838829    -0.010839923194080
     0.011133488458794    -0.010839923194080    -0.014100469049931
3 48
    -0.005118982828023    -0.006930658856645    -0.000000000422228
    -0.006930658856645    -0.010019699054597    -0.000000000597114
    -0.000000000422228    -0.000000000597114    -0.000218267078970
3 49
    -0.003228957528967     0.012951799293038    -0.022433173792060
     0.012951799293038     0.000789730751986    -0.005140244179018
    -0.022433173792060    -0.005140244179018     0.006725171234734
3 50
    -0.039794023483073     0.137973398284165    -0.238976933245979
     0.137973398284165     0.057767897734889     0.168982218451628
    -0.238976933245979     0.168982218451628    -0.137355956520522
3 51
    -0.117006425275156    -0.307622710152424     0.532818136459448
    -0.307622710152424    -0.334528545252063     0.753518652845719
     0.532818136459448     0.753518652845719    -1.204616833247296
3 52
    -0.053509375094609    -0.030499764345958     0.052827136416616
    -0.030499764345958     0.004104831570476     0.008360626671084
     0.052827136416616     0.008360626671084    -0.005549183351638
3 53
    -0.005118983080843     0.003465329304174     0.006002126801856
     0.003465329304174    -0.002668624770890    -0.004244144305896
     0.006002126801856    -0.004244144305896    -0.007569341109797
3 54
    -0.007797506219957     0.011336572855350    -0.002631456097116
     0.011336572855350     0.005358278192169     0.022863614625545
    -0.002631456097116     0.022863614625545     0.006725174615180
3 55
     0.016873555699476    -0.005615638741293    -0.009726572236764
    -0.005615638741293    -0.066278099222704     0.052592777193373
    -0.009726572236764     0.052592777193373    -0.005549183354413
3 56
    -0.007797506219770    -0.007947194725065     0.008502031598203
    -0.007947194725065    -0.013417021903704     0.012023688680936
     0.008502031598203     0.012023688680936     0.025500474712020
3 57
    -0.007797505861793    -0.007947194218774    -0.008502033218388
    -0.007947194218774    -0.013417021187652    -0.012023690972190
    -0.008502033218388    -0.012023690972190     0.025500471809175
3 58
     0.016873555289940    -0.005615637923712     0.009726572862470
    -0.005615637923712    -0.066278096090623    -0.052592782680253
     0.009726572862470    -0.052592782680253    -0.005549190709544
3 59
    -0.007797506330754     0.011336573258329     0.002631456423670
     0.011336573258329     0.005358279553776    -0.022863613749257
     0.002631456423670    -0.022863613749257     0.006725171235845
3 60
    -0.005118982828124     0.003465329393548    -0.006002126655147
     0.003465329393548    -0.002668625023643     0.004244144513879
    -0.006002126655147     0.004244144513879    -0.007569341110330
3 61
    -0.053509372870328    -0.030499762596927    -0.052827141800175
    -0.030499762596927     0.004104832068380    -0.008360627912083
    -0.052827141800175    -0.008360627912083    -0.005549190712318
3 62
    -0.117006402840910    -0.307622678423440    -0.532818142510754
    -0.307622678423440    -0.334528500377436    -0.753518661404961
    -0.532818142510753    -0.753518661404961    -1.204617015167202
3 63
    -0.039794033545169     0.137973394725704     0.238976944972630
     0.137973394725704     0.057767907798361    -0.168982201858464
     0.238976944972630    -0.168982201858464    -0.137355956499326
3 64
    -0.003228958473513     0.012951798516837     0.022433174508674
     0.012951798516837     0.000789730445867     0.005140244779706
     0.022433174508674     0.005140244779706     0.006725174616292
4 1
    -1.857183157503981    -0.000000031126228    -0.000000053926952
    -0.000000031126228     0.100515675396915     0.000000002546971
    -0.000000053926952     0.000000002546971     0.100515678342081
4 2
     0.139287755529433     0.000000002367872     0.000000004102334
     0.000000002367872    -0.013033527906838    -0.000000000330257
     0.000000004102334    -0.000000000330257    -0.013033528288728
4 3
