  64   64
1 1
     4.865106090966702     0.000000050346887     0.000000087285017
     0.000000050346887     4.865106126492371     0.000000123277196
     0.000000087285017     0.000000123277196     4.865106269042766
1 2
    -1.845200989881735    -0.000000030905099    -0.000000053543877
    -0.000000030905099     0.096527954604778     0.000000002445926
    -0.000000053543877     0.000000002445926     0.096527957433101
1 3
     0.127653322101590     0.000000002204662     0.000000003819510
     0.000000002204662    -0.017629368260150    -0.000000000446711
     0.000000003819510    -0.000000000446711    -0.017629368776701
1 4
    -1.845200989881735    -0.000000030905099    -0.000000053543877
    -0.000000030905099     0.096527954604778     0.000000002445926
    -0.000000053543877     0.000000002445926     0.096527957433101
1 5
    -0.119219713943258     0.610226545012687     0.000000020137905
     0.610226545012687    -1.629453321307106    -0.000000049614366
     0.000000020137905    -0.000000049614366     0.096527957433101
1 6
    -0.039291162989732    -0.282695037023352    -0.000000014181160
    -0.282695037023352    -0.239186754994217    -0.000000020060552
    -0.000000014181160    -0.000000020060552     0.160604416979375
1 7
    -0.002199498649423    -0.027055530651821    -0.000000001054111
    -0.027055530651821     0.011371276740977    -0.000000000175736
    -0.000000001054111    -0.000000000175736    -0.009203365965794
1 8
    -0.051656646632423     0.061920755328812     0.000000000963768
     0.061920755328812    -0.007872057506234     0.000000001365955
     0.000000000963768     0.000000001365955     0.005379102849917
1 9
    -0.001486846439019    -0.045657945515039    -0.000000001693457
    -0.045657945515039     0.111510800278470     0.000000003448507
    -0.000000001693457     0.000000003448507    -0.017629368776701
1 10
     0.026868879513346    -0.016778306257191     0.000000000186812
    -0.016778306257191    -0.017697101421343    -0.000000001052518
     0.000000000186812    -0.000000001052518    -0.009203365965794
1 11
    -0.051318594814580    -0.024909045370432    -0.000000002108137
    -0.024909045370432    -0.068931950969713    -0.000000002980231
    -0.000000002108137    -0.000000002980231    -0.033705241821052
1 12
     0.026868879513346    -0.016778306257191     0.000000000186812
    -0.016778306257191    -0.017697101421343    -0.000000001052518
     0.000000000186812    -0.000000001052518    -0.009203365965794
1 13
    -0.119219713943258     0.610226545012687     0.000000020137905
     0.610226545012687    -1.629453321307106    -0.000000049614366
     0.000000020137905    -0.000000049614366     0.096527957433101
1 14
    -0.051656646632423     0.061920755328812     0.000000000963768
     0.061920755328812    -0.007872057506234     0.000000001365955
     0.000000000963768     0.000000001365955     0.005379102849917
1 15
    -0.002199498649423    -0.027055530651821    -0.000000001054111
    -0.027055530651821     0.011371276740977    -0.000000000175736
    -0.000000001054111    -0.000000000175736    -0.009203365965794
1 16
    -0.039291162989732    -0.282695037023352    -0.000000014181160
    -0.282695037023352    -0.239186754994217    -0.000000020060552
    -0.000000014181160    -0.000000020060552     0.160604416979375
1 17
    -0.119219713934390    -0.305113284187097     0.528471683297015
    -0.305113284187097    -0.334967401667176     0.747371839688569
     0.528471683297015     0.747371839688569    -1.197957962251744
1 18
    -0.039291162993840     0.141347519724506    -0.244821082893200
     0.141347519724506     0.060656622269170     0.173114656559146
    -0.244821082893200     0.173114656559146    -0.139238960300578
1 19
    -0.002199498649816     0.013527765704437    -0.023430776639213
     0.013527765704437    -0.004059704154757    -0.008909082283581
    -0.023430776639213    -0.008909082283581     0.006227614930188
1 20
    -0.051656646631523    -0.030960379784955     0.053624945912587
    -0.030960379784955     0.002066310945710     0.005737921796678
     0.053624945912587     0.005737921796678    -0.004559265601539
1 21
    -0.039291173302004     0.141347516079024     0.244821094959588
     0.141347516079024     0.060656632578742    -0.173114639485397
     0.244821094959588    -0.173114639485397    -0.139238960278863
1 22
    -0.119219691683150    -0.305113252716942    -0.528471689412623
    -0.305113252716942    -0.334967357158614    -0.747371848338525
    -0.528471689412623    -0.747371848338525    -1.197958142687642
1 23
    -0.051656644373651    -0.030960378067383    -0.053624951248561
    -0.030960378067383     0.002066311287423    -0.005737923257387
    -0.053624951248561    -0.005737923257387    -0.004559272631046
1 24
    -0.002199499636366     0.013527764819188     0.023430777471253
     0.013527764819188    -0.004059704685324     0.008909082541716
     0.023430777471253     0.008909082541716     0.006227619031785
1 25
    -0.012355748314117     0.009936988942666    -0.000589303885863
     0.009936988942666     0.006096545509453    -0.025060442174206
    -0.000589303885863    -0.025060442174206     0.006227614931201
1 26
     0.015556910564501    -0.007196796123172     0.012465219004379
    -0.007196796123172    -0.065147243649502    -0.052470729695163
     0.012465219004379    -0.052470729695163    -0.004559272628115
1 27
    -0.012355747964042    -0.004458142053750    -0.008900337717283
    -0.004458142053750    -0.015508130667311    -0.012586978609712
    -0.008900337717283    -0.012586978609712     0.027832291426897
1 28
     0.003995873089779     0.003377027680643    -0.005849183277719
     0.003377027680643     0.006383792156907     0.004135997554809
    -0.005849183277719     0.004135997554809     0.001607953951559
1 29
     0.015556911089347    -0.007196796856635    -0.012465218601688
    -0.007196796856635    -0.065147246774315     0.052470724179767
    -0.012465218601688     0.052470724179767    -0.004559265604470
1 30
    -0.012355748338930     0.009936988397535     0.000589303850767
     0.009936988397535     0.006096544017018     0.025060443045022
     0.000589303850767     0.025060443045022     0.006227619030772
1 31
     0.003995872843500     0.003377027593547     0.005849183743069
     0.003377027593547     0.006383792403220    -0.004135996896812
     0.005849183743069    -0.004135996896812     0.001607953952078
1 32
    -0.012355748338790    -0.004458142583759     0.008900336069198
    -0.004458142583759    -0.015508131416909     0.012586976279432
     0.008900336069198     0.012586976279432     0.027832294465736
1 33
    -0.001486846439683     0.022828973469942    -0.039540940289211
     0.022828973469942     0.014655676664889    -0.055919335360435
    -0.039540940289211    -0.055919335360435     0.079225754840240
1 34
     0.026868879513102     0.008389154091138    -0.014530438895704
     0.008389154091138    -0.011326799323430     0.003677895046958
    -0.014530438895704     0.003677895046958    -0.015573668064217
1 35
    -0.051318594814942     0.012454522049212    -0.021571866443468
     0.012454522049212    -0.042511918207822     0.015253611989024
    -0.021571866443468     0.015253611989024    -0.060125274584403
1 36
     0.026868879513102     0.008389154091138    -0.014530438895704
     0.008389154091138    -0.011326799323430     0.003677895046958
    -0.014530438895704     0.003677895046958    -0.015573668064217
1 37
    -0.012355748313968    -0.005478847065263     0.008311032616723
    -0.005478847065263     0.027897828503101    -0.012473463966886
     0.008311032616723    -0.012473463966886    -0.015573668063204
1 38
     0.015556910564291     0.014393594382591     0.000000002026515
     0.014393594382591     0.025734719486645     0.000000002865951
     0.000000002026515     0.000000002865951    -0.095441235768248
1 39
    -0.012355747964033    -0.005478847080385    -0.008311033433127
    -0.005478847080385     0.027897827760264     0.012473466363198
    -0.008311033433127     0.012473466363198    -0.015573667002472
1 40
     0.003995873089877    -0.006754055150135    -0.000000000250280
    -0.006754055150135    -0.000779965449436    -0.000000000354242
    -0.000000000250280    -0.000000000354242     0.008771711558299
1 41
    -0.051318595723223     0.012454521727998     0.021571865789479
     0.012454521727998    -0.042511917299417    -0.015253612909887
     0.021571865789479    -0.015253612909887    -0.060125274582489
1 42
     0.026868878901299     0.008389153735898     0.014530441428282
     0.008389153735898    -0.011326799104398    -0.003677895016889
     0.014530441428282    -0.003677895016889    -0.015573667001459
1 43
    -0.001486848104550     0.022828971115304     0.039540940373363
     0.022828971115304     0.014655673334700     0.055919335480228
     0.039540940373363     0.055919335480228     0.079225768340689
1 44
     0.026868878901299     0.008389153735898     0.014530441428282
     0.008389153735898    -0.011326799104398    -0.003677895016889
     0.014530441428282    -0.003677895016889    -0.015573667001459
1 45
    -0.012355748313968    -0.005478847065263     0.008311032616723
    -0.005478847065263     0.027897828503101    -0.012473463966886
     0.008311032616723    -0.012473463966886    -0.015573668063204
1 46
     0.003995873089877    -0.006754055150135    -0.000000000250280
    -0.006754055150135    -0.000779965449436    -0.000000000354242
    -0.000000000250280    -0.000000000354242     0.008771711558299
1 47
    -0.012355747964033    -0.005478847080385    -0.008311033433127
    -0.005478847080385     0.027897827760263     0.012473466363198
    -0.008311033433127     0.012473466363198    -0.015573667002472
1 48
     0.015556910564291     0.014393594382591     0.000000002026515
     0.014393594382591     0.025734719486645     0.000000002865951
     0.000000002026515     0.000000002865951    -0.095441235768248
1 49
    -0.119219713934390    -0.305113284187097     0.528471683297015
    -0.305113284187097    -0.334967401667176     0.747371839688569
     0.528471683297015     0.747371839688569    -1.197957962251744
1 50
    -0.051656646631523    -0.030960379784955     0.053624945912587
    -0.030960379784955     0.002066310945710     0.005737921796678
     0.053624945912587     0.005737921796678    -0.004559265601539
1 51
    -0.002199498649816     0.013527765704437    -0.023430776639213
     0.013527765704437    -0.004059704154757    -0.008909082283581
    -0.023430776639213    -0.008909082283581     0.006227614930188
1 52
    -0.039291162993840     0.141347519724506    -0.244821082893200
     0.141347519724506     0.060656622269170     0.173114656559146
    -0.244821082893200     0.173114656559146    -0.139238960300578
1 53
     0.015556911089347    -0.007196796856635    -0.012465218601688
    -0.007196796856635    -0.065147246774315     0.052470724179767
    -0.012465218601688     0.052470724179767    -0.004559265604470
1 54
    -0.012355748338790    -0.004458142583759     0.008900336069198
    -0.004458142583759    -0.015508131416909     0.012586976279432
     0.008900336069198     0.012586976279432     0.027832294465736
1 55
     0.003995872843500     0.003377027593547     0.005849183743069
     0.003377027593547     0.006383792403220    -0.004135996896812
     0.005849183743069    -0.004135996896812     0.001607953952078
1 56
    -0.012355748338930     0.009936988397535     0.000589303850767
     0.009936988397535     0.006096544017018     0.025060443045022
     0.000589303850767     0.025060443045022     0.006227619030772
1 57
    -0.012355748314117     0.009936988942666    -0.000589303885863
     0.009936988942666     0.006096545509453    -0.025060442174206
    -0.000589303885863    -0.025060442174206     0.006227614931201
1 58
     0.003995873089779     0.003377027680643    -0.005849183277719
     0.003377027680643     0.006383792156907     0.004135997554809
    -0.005849183277719     0.004135997554809     0.001607953951559
1 59
    -0.012355747964042    -0.004458142053750    -0.008900337717283
    -0.004458142053750    -0.015508130667311    -0.012586978609712
    -0.008900337717283    -0.012586978609712     0.027832291426897
1 60
     0.015556910564501    -0.007196796123172     0.012465219004379
    -0.007196796123172    -0.065147243649502    -0.052470729695163
     0.012465219004379    -0.052470729695163    -0.004559272628115
1 61
    -0.039291173302004     0.141347516079024     0.244821094959588
     0.141347516079024     0.060656632578742    -0.173114639485397
     0.244821094959588    -0.173114639485397    -0.139238960278863
1 62
    -0.002199499636366     0.013527764819188     0.023430777471253
     0.013527764819188    -0.004059704685324     0.008909082541716
     0.023430777471253     0.008909082541716     0.006227619031785
1 63
    -0.051656644373651    -0.030960378067383    -0.053624951248561
    -0.030960378067383     0.002066311287423    -0.005737923257387
    -0.053624951248561    -0.005737923257387    -0.004559272631046
1 64
    -0.119219691683150    -0.305113252716942    -0.528471689412623
    -0.305113252716942    -0.334967357158613    -0.747371848338525
    -0.528471689412623    -0.747371848338525    -1.197958142687642
2 1
    -1.845200989881735    -0.000000030905099    -0.000000053543877
    -0.000000030905099     0.096527954604778     0.000000002445926
    -0.000000053543877     0.000000002445926     0.096527957433101
2 2
     4.865106090966703     0.000000050346887     0.000000087285017
     0.000000050346887     4.865106126492371     0.000000123277196
     0.000000087285017     0.000000123277196     4.865106269042767
2 3
    -1.845200989881735    -0.000000030905099    -0.000000053543877
    -0.000000030905099     0.096527954604778     0.000000002445926
    -0.000000053543877     0.000000002445926     0.096527957433101
2 4
     0.127653322101590     0.000000002204662     0.000000003819510
     0.000000002204662    -0.017629368260150    -0.000000000446711
     0.000000003819510    -0.000000000446711    -0.017629368776701
2 5
    -0.051656646632423     0.061920755328812     0.000000000963768
     0.061920755328812    -0.007872057506234     0.000000001365955
     0.000000000963768     0.000000001365955     0.005379102849917
2 6
    -0.119219713943258     0.610226545012687     0.000000020137905
     0.610226545012687    -1.629453321307106    -0.000000049614366
     0.000000020137905    -0.000000049614366     0.096527957433101
2 7
    -0.039291162989732    -0.282695037023352    -0.000000014181160
    -0.282695037023352    -0.239186754994217    -0.000000020060552
    -0.000000014181160    -0.000000020060552     0.160604416979375
2 8
    -0.002199498649423    -0.027055530651821    -0.000000001054111
    -0.027055530651821     0.011371276740977    -0.000000000175736
    -0.000000001054111    -0.000000000175736    -0.009203365965794
2 9
     0.026868879513346    -0.016778306257191     0.000000000186812
    -0.016778306257191    -0.017697101421343    -0.000000001052518
     0.000000000186812    -0.000000001052518    -0.009203365965794
2 10
    -0.001486846439019    -0.045657945515039    -0.000000001693457
    -0.045657945515039     0.111510800278470     0.000000003448507
    -0.000000001693457     0.000000003448507    -0.017629368776701
2 11
     0.026868879513346    -0.016778306257191     0.000000000186812
    -0.016778306257191    -0.017697101421343    -0.000000001052518
     0.000000000186812    -0.000000001052518    -0.009203365965794
2 12
    -0.051318594814580    -0.024909045370432    -0.000000002108137
    -0.024909045370432    -0.068931950969713    -0.000000002980231
    -0.000000002108137    -0.000000002980231    -0.033705241821052
2 13
    -0.039291162989732    -0.282695037023352    -0.000000014181160
    -0.282695037023352    -0.239186754994217    -0.000000020060552
    -0.000000014181160    -0.000000020060552     0.160604416979375
2 14
    -0.119219713943258     0.610226545012687     0.000000020137905
     0.610226545012687    -1.629453321307106    -0.000000049614366
     0.000000020137905    -0.000000049614366     0.096527957433101
2 15
    -0.051656646632423     0.061920755328812     0.000000000963768
     0.061920755328812    -0.007872057506234     0.000000001365955
     0.000000000963768     0.000000001365955     0.005379102849917
2 16
    -0.002199498649423    -0.027055530651821    -0.000000001054111
    -0.027055530651821     0.011371276740977    -0.000000000175736
    -0.000000001054111    -0.000000000175736    -0.009203365965794
2 17
    -0.051656646631523    -0.030960379784955     0.053624945912587
    -0.030960379784955     0.002066310945710     0.005737921796678
     0.053624945912587     0.005737921796678    -0.004559265601539
2 18
    -0.119219713934390    -0.305113284187097     0.528471683297015
    -0.305113284187097    -0.334967401667176     0.747371839688569
     0.528471683297015     0.747371839688569    -1.197957962251744
2 19
    -0.039291162993840     0.141347519724506    -0.244821082893200
     0.141347519724506     0.060656622269170     0.173114656559146
    -0.244821082893200     0.173114656559146    -0.139238960300578
2 20
    -0.002199498649816     0.013527765704437    -0.023430776639213
     0.013527765704437    -0.004059704154757    -0.008909082283581
    -0.023430776639213    -0.008909082283581     0.006227614930188
2 21
    -0.002199499636366     0.013527764819188     0.023430777471253
     0.013527764819188    -0.004059704685324     0.008909082541716
     0.023430777471253     0.008909082541716     0.006227619031785
2 22
    -0.039291173302004     0.141347516079024     0.244821094959588
     0.141347516079024     0.060656632578742    -0.173114639485397
     0.244821094959588    -0.173114639485397    -0.139238960278863
2 23
    -0.119219691683150    -0.305113252716942    -0.528471689412623
    -0.305113252716942    -0.334967357158614    -0.747371848338525
    -0.528471689412623    -0.747371848338525    -1.197958142687642
2 24
    -0.051656644373651    -0.030960378067383    -0.053624951248561
    -0.030960378067383     0.002066311287423    -0.005737923257387
    -0.053624951248561    -0.005737923257387    -0.004559272631046
2 25
     0.003995873089779     0.003377027680643    -0.005849183277719
     0.003377027680643     0.006383792156907     0.004135997554809
    -0.005849183277719     0.004135997554809     0.001607953951559
2 26
    -0.012355748314117     0.009936988942666    -0.000589303885863
     0.009936988942666     0.006096545509453    -0.025060442174206
    -0.000589303885863    -0.025060442174206     0.006227614931201
2 27
     0.015556910564501    -0.007196796123172     0.012465219004379
    -0.007196796123172    -0.065147243649502    -0.052470729695163
     0.012465219004379    -0.052470729695163    -0.004559272628115
2 28
    -0.012355747964042    -0.004458142053750    -0.008900337717283
    -0.004458142053750    -0.015508130667311    -0.012586978609712
    -0.008900337717283    -0.012586978609712     0.027832291426897
2 29
    -0.012355748338790    -0.004458142583759     0.008900336069198
    -0.004458142583759    -0.015508131416909     0.012586976279432
     0.008900336069198     0.012586976279432     0.027832294465736
2 30
     0.015556911089347    -0.007196796856635    -0.012465218601688
    -0.007196796856635    -0.065147246774315     0.052470724179767
    -0.012465218601688     0.052470724179767    -0.004559265604470
2 31
    -0.012355748338930     0.009936988397535     0.000589303850767
     0.009936988397535     0.006096544017018     0.025060443045022
     0.000589303850767     0.025060443045022     0.006227619030772
2 32
     0.003995872843500     0.003377027593547     0.005849183743069
     0.003377027593547     0.006383792403220    -0.004135996896812
     0.005849183743069    -0.004135996896812     0.001607953952078
2 33
     0.026868879513102     0.008389154091138    -0.014530438895704
     0.008389154091138    -0.011326799323430     0.003677895046958
    -0.014530438895704     0.003677895046958    -0.015573668064217
2 34
    -0.001486846439683     0.022828973469942    -0.039540940289211
     0.022828973469942     0.014655676664889    -0.055919335360435
    -0.039540940289211    -0.055919335360435     0.079225754840240
2 35
     0.026868879513102     0.008389154091138    -0.014530438895704
     0.008389154091138    -0.011326799323430     0.003677895046958
    -0.014530438895704     0.003677895046958    -0.015573668064217
2 36
    -0.051318594814942     0.012454522049212    -0.021571866443468
     0.012454522049212    -0.042511918207822     0.015253611989024
    -0.021571866443468     0.015253611989024    -0.060125274584403
2 37
     0.003995873089877    -0.006754055150135    -0.000000000250280
    -0.006754055150135    -0.000779965449436    -0.000000000354242
    -0.000000000250280    -0.000000000354242     0.008771711558299
2 38
    -0.012355748313968    -0.005478847065263     0.008311032616723
    -0.005478847065263     0.027897828503101    -0.012473463966886
     0.008311032616723    -0.012473463966886    -0.015573668063204
2 39
     0.015556910564291     0.014393594382591     0.000000002026515
     0.014393594382591     0.025734719486645     0.000000002865951
     0.000000002026515     0.000000002865951    -0.095441235768248
2 40
    -0.012355747964033    -0.005478847080385    -0.008311033433127
    -0.005478847080385     0.027897827760263     0.012473466363198
    -0.008311033433127     0.012473466363198    -0.015573667002472
2 41
     0.026868878901299     0.008389153735898     0.014530441428282
     0.008389153735898    -0.011326799104398    -0.003677895016889
     0.014530441428282    -0.003677895016889    -0.015573667001459
2 42
    -0.051318595723223     0.012454521727998     0.021571865789479
     0.012454521727998    -0.042511917299417    -0.015253612909887
     0.021571865789479    -0.015253612909887    -0.060125274582489
2 43
     0.026868878901299     0.008389153735898     0.014530441428282
     0.008389153735898    -0.011326799104398    -0.003677895016889
     0.014530441428282    -0.003677895016889    -0.015573667001459
2 44
    -0.001486848104550     0.022828971115304     0.039540940373363
     0.022828971115304     0.014655673334700     0.055919335480228
     0.039540940373363     0.055919335480228     0.079225768340689
2 45
     0.015556910564291     0.014393594382591     0.000000002026515
     0.014393594382591     0.025734719486645     0.000000002865951
     0.000000002026515     0.000000002865951    -0.095441235768248
2 46
    -0.012355748313968    -0.005478847065263     0.008311032616723
    -0.005478847065263     0.027897828503101    -0.012473463966886
     0.008311032616723    -0.012473463966886    -0.015573668063204
2 47
     0.003995873089877    -0.006754055150135    -0.000000000250280
    -0.006754055150135    -0.000779965449436    -0.000000000354242
    -0.000000000250280    -0.000000000354242     0.008771711558299
2 48
    -0.012355747964033    -0.005478847080385    -0.008311033433127
    -0.005478847080385     0.027897827760264     0.012473466363198
    -0.008311033433127     0.012473466363198    -0.015573667002472
2 49
    -0.039291162993840     0.141347519724506    -0.244821082893200
     0.141347519724506     0.060656622269170     0.173114656559146
    -0.244821082893200     0.173114656559146    -0.139238960300578
2 50
    -0.119219713934390    -0.305113284187097     0.528471683297015
    -0.305113284187097    -0.334967401667176     0.747371839688569
     0.528471683297015     0.747371839688569    -1.197957962251744
2 51
    -0.051656646631523    -0.030960379784955     0.053624945912587
    -0.030960379784955     0.002066310945710     0.005737921796678
     0.053624945912587     0.005737921796678    -0.004559265601539
2 52
    -0.002199498649816     0.013527765704437    -0.023430776639213
     0.013527765704437    -0.004059704154757    -0.008909082283581
    -0.023430776639213    -0.008909082283581     0.006227614930188
2 53
    -0.012355748338930     0.009936988397535     0.000589303850767
     0.009936988397535     0.006096544017018     0.025060443045022
     0.000589303850767     0.025060443045022     0.006227619030772
2 54
     0.015556911089347    -0.007196796856635    -0.012465218601688
    -0.007196796856635    -0.065147246774315     0.052470724179767
    -0.012465218601688     0.052470724179767    -0.004559265604470
2 55
    -0.012355748338790    -0.004458142583759     0.008900336069198
    -0.004458142583759    -0.015508131416909     0.012586976279432
     0.008900336069198     0.012586976279432     0.027832294465736
2 56
     0.003995872843500     0.003377027593547     0.005849183743069
     0.003377027593547     0.006383792403220    -0.004135996896812
     0.005849183743069    -0.004135996896812     0.001607953952078
2 57
     0.015556910564501    -0.007196796123172     0.012465219004379
    -0.007196796123172    -0.065147243649502    -0.052470729695163
     0.012465219004379    -0.052470729695163    -0.004559272628115
2 58
    -0.012355748314117     0.009936988942666    -0.000589303885863
     0.009936988942666     0.006096545509453    -0.025060442174206
    -0.000589303885863    -0.025060442174206     0.006227614931201
2 59
     0.003995873089779     0.003377027680643    -0.005849183277719
     0.003377027680643     0.006383792156907     0.004135997554809
    -0.005849183277719     0.004135997554809     0.001607953951559
2 60
    -0.012355747964042    -0.004458142053750    -0.008900337717283
    -0.004458142053750    -0.015508130667311    -0.012586978609712
    -0.008900337717283    -0.012586978609712     0.027832291426897
2 61
    -0.119219691683150    -0.305113252716942    -0.528471689412623
    -0.305113252716942    -0.334967357158614    -0.747371848338525
    -0.528471689412623    -0.747371848338525    -1.197958142687642
2 62
    -0.039291173302004     0.141347516079024     0.244821094959588
     0.141347516079024     0.060656632578742    -0.173114639485397
     0.244821094959588    -0.173114639485397    -0.139238960278863
2 63
    -0.002199499636366     0.013527764819188     0.023430777471253
     0.013527764819188    -0.004059704685324     0.008909082541716
     0.023430777471253     0.008909082541716     0.006227619031785
2 64
    -0.051656644373651    -0.030960378067383    -0.053624951248561
    -0.030960378067383     0.002066311287423    -0.005737923257387
    -0.053624951248561    -0.005737923257387    -0.004559272631046
3 1
     0.127653322101590     0.000000002204662     0.000000003819510
     0.000000002204662    -0.017629368260150    -0.000000000446711
     0.000000003819510    -0.000000000446711    -0.017629368776701
3 2
    -1.845200989881735    -0.000000030905099    -0.000000053543877
    -0.000000030905099     0.096527954604778     0.000000002445926
    -0.000000053543877     0.000000002445926     0.096527957433101
3 3
     4.865106090966703     0.000000050346887     0.000000087285016
     0.000000050346887     4.865106126492370     0.000000123277196
     0.000000087285016     0.000000123277196     4.865106269042766
3 4
    -1.845200989881735    -0.000000030905099    -0.000000053543877
    -0.000000030905099     0.096527954604778     0.000000002445926
    -0.000000053543877     0.000000002445926     0.096527957433101
3 5
    -0.002199498649423    -0.027055530651821    -0.000000001054111
    -0.027055530651821     0.011371276740977    -0.000000000175736
    -0.000000001054111    -0.000000000175736    -0.009203365965794
3 6
    -0.051656646632423     0.061920755328812     0.000000000963768
     0.061920755328812    -0.007872057506234     0.000000001365955
     0.000000000963768     0.000000001365955     0.005379102849917
3 7
    -0.119219713943258     0.610226545012687     0.000000020137905
     0.610226545012687    -1.629453321307106    -0.000000049614366
     0.000000020137905    -0.000000049614366     0.096527957433101
3 8
    -0.039291162989732    -0.282695037023352    -0.000000014181160
    -0.282695037023352    -0.239186754994217    -0.000000020060552
    -0.000000014181160    -0.000000020060552     0.160604416979375
3 9
    -0.051318594814580    -0.024909045370432    -0.000000002108137
    -0.024909045370432    -0.068931950969713    -0.000000002980231
    -0.000000002108137    -0.000000002980231    -0.033705241821052
3 10
     0.026868879513346    -0.016778306257191     0.000000000186812
    -0.016778306257191    -0.017697101421343    -0.000000001052518
     0.000000000186812    -0.000000001052518    -0.009203365965794
3 11
    -0.001486846439019    -0.045657945515039    -0.000000001693457
    -0.045657945515039     0.111510800278470     0.000000003448507
    -0.000000001693457     0.000000003448507    -0.017629368776701
3 12
     0.026868879513346    -0.016778306257191     0.000000000186812
    -0.016778306257191    -0.017697101421343    -0.000000001052518
     0.000000000186812    -0.000000001052518    -0.009203365965794
3 13
    -0.002199498649423    -0.027055530651821    -0.000000001054111
    -0.027055530651821     0.011371276740977    -0.000000000175736
    -0.000000001054111    -0.000000000175736    -0.009203365965794
3 14
    -0.039291162989732    -0.282695037023352    -0.000000014181160
    -0.282695037023352    -0.239186754994217    -0.000000020060552
    -0.000000014181160    -0.000000020060552     0.160604416979375
3 15
    -0.119219713943258     0.610226545012687     0.000000020137905
     0.610226545012687    -1.629453321307106    -0.000000049614366
     0.000000020137905    -0.000000049614366     0.096527957433101
3 16
    -0.051656646632423     0.061920755328812     0.000000000963768
     0.061920755328812    -0.007872057506234     0.000000001365955
     0.000000000963768     0.000000001365955     0.005379102849917
3 17
    -0.002199498649816     0.013527765704437    -0.023430776639213
     0.013527765704437    -0.004059704154757    -0.008909082283581
    -0.023430776639213    -0.008909082283581     0.006227614930188
3 18
    -0.051656646631523    -0.030960379784955     0.053624945912587
    -0.030960379784955     0.002066310945710     0.005737921796678
     0.053624945912587     0.005737921796678    -0.004559265601539
3 19
    -0.119219713934390    -0.305113284187097     0.528471683297015
    -0.305113284187097    -0.334967401667176     0.747371839688569
     0.528471683297015     0.747371839688569    -1.197957962251744
3 20
    -0.039291162993840     0.141347519724506    -0.244821082893200
     0.141347519724506     0.060656622269170     0.173114656559146
    -0.244821082893200     0.173114656559146    -0.139238960300578
3 21
    -0.051656644373651    -0.030960378067383    -0.053624951248561
    -0.030960378067383     0.002066311287423    -0.005737923257387
    -0.053624951248561    -0.005737923257387    -0.004559272631046
3 22
    -0.002199499636366     0.013527764819188     0.023430777471253
     0.013527764819188    -0.004059704685324     0.008909082541716
     0.023430777471253     0.008909082541716     0.006227619031785
3 23
    -0.039291173302004     0.141347516079024     0.244821094959588
     0.141347516079024     0.060656632578742    -0.173114639485397
     0.244821094959588    -0.173114639485397    -0.139238960278863
3 24
    -0.119219691683150    -0.305113252716942    -0.528471689412623
    -0.305113252716942    -0.334967357158614    -0.747371848338525
    -0.528471689412623    -0.747371848338525    -1.197958142687642
3 25
    -0.012355747964042    -0.004458142053750    -0.008900337717283
    -0.004458142053750    -0.015508130667311    -0.012586978609712
    -0.008900337717283    -0.012586978609712     0.027832291426897
3 26
     0.003995873089779     0.003377027680643    -0.005849183277719
     0.003377027680643     0.006383792156907     0.004135997554809
    -0.005849183277719     0.004135997554809     0.001607953951559
3 27
    -0.012355748314117     0.009936988942666    -0.000589303885863
     0.009936988942666     0.006096545509453    -0.025060442174206
    -0.000589303885863    -0.025060442174206     0.006227614931201
3 28
     0.015556910564501    -0.007196796123172     0.012465219004379
    -0.007196796123172    -0.065147243649502    -0.052470729695163
     0.012465219004379    -0.052470729695163    -0.004559272628115
3 29
     0.003995872843500     0.003377027593547     0.005849183743069
     0.003377027593547     0.006383792403220    -0.004135996896812
     0.005849183743069    -0.004135996896812     0.001607953952078
3 30
    -0.012355748338790    -0.004458142583759     0.008900336069198
    -0.004458142583759    -0.015508131416909     0.012586976279432
     0.008900336069198     0.012586976279432     0.027832294465736
3 31
     0.015556911089347    -0.007196796856635    -0.012465218601688
    -0.007196796856635    -0.065147246774315     0.052470724179767
    -0.012465218601688     0.052470724179767    -0.004559265604470
3 32
    -0.012355748338930     0.009936988397535     0.000589303850767
     0.009936988397535     0.006096544017018     0.025060443045022
     0.000589303850767     0.025060443045022     0.006227619030772
3 33
    -0.051318594814942     0.012454522049212    -0.021571866443468
     0.012454522049212    -0.042511918207822     0.015253611989024
    -0.021571866443468     0.015253611989024    -0.060125274584403
3 34
     0.026868879513102     0.008389154091138    -0.014530438895704
     0.008389154091138    -0.011326799323430     0.003677895046958
    -0.014530438895704     0.003677895046958    -0.015573668064217
3 35
    -0.001486846439683     0.022828973469942    -0.039540940289211
     0.022828973469942     0.014655676664889    -0.055919335360435
    -0.039540940289211    -0.055919335360435     0.079225754840240
3 36
     0.026868879513102     0.008389154091138    -0.014530438895704
     0.008389154091138    -0.011326799323430     0.003677895046958
    -0.014530438895704     0.003677895046958    -0.015573668064217
3 37
    -0.012355747964033    -0.005478847080385    -0.008311033433127
    -0.005478847080385     0.027897827760263     0.012473466363198
    -0.008311033433127     0.012473466363198    -0.015573667002472
3 38
     0.003995873089877    -0.006754055150135    -0.000000000250280
    -0.006754055150135    -0.000779965449436    -0.000000000354242
    -0.000000000250280    -0.000000000354242     0.008771711558299
3 39
    -0.012355748313968    -0.005478847065263     0.008311032616723
    -0.005478847065263     0.027897828503101    -0.012473463966886
     0.008311032616723    -0.012473463966886    -0.015573668063204
3 40
     0.015556910564291     0.014393594382591     0.000000002026515
     0.014393594382591     0.025734719486645     0.000000002865951
     0.000000002026515     0.000000002865951    -0.095441235768248
3 41
    -0.001486848104550     0.022828971115304     0.039540940373363
     0.022828971115304     0.014655673334700     0.055919335480228
     0.039540940373363     0.055919335480228     0.079225768340689
3 42
     0.026868878901299     0.008389153735898     0.014530441428282
     0.008389153735898    -0.011326799104398    -0.003677895016889
     0.014530441428282    -0.003677895016889    -0.015573667001459
3 43
    -0.051318595723223     0.012454521727998     0.021571865789479
     0.012454521727998    -0.042511917299417    -0.015253612909887
     0.021571865789479    -0.015253612909887    -0.060125274582489
3 44
     0.026868878901299     0.008389153735898     0.014530441428282
     0.008389153735898    -0.011326799104398    -0.003677895016889
     0.014530441428282    -0.003677895016889    -0.015573667001459
3 45
    -0.012355747964033    -0.005478847080385    -0.008311033433127
    -0.005478847080385     0.027897827760263     0.012473466363198
    -0.008311033433127     0.012473466363198    -0.015573667002472
3 46
     0.015556910564291     0.014393594382591     0.000000002026515
     0.014393594382591     0.025734719486645     0.000000002865951
     0.000000002026515     0.000000002865951    -0.095441235768248
3 47
    -0.012355748313968    -0.005478847065263     0.008311032616723
    -0.005478847065263     0.027897828503101    -0.012473463966886
     0.008311032616723    -0.012473463966886    -0.015573668063204
3 48
     0.003995873089877    -0.006754055150135    -0.000000000250280
    -0.006754055150135    -0.000779965449436    -0.000000000354242
    -0.000000000250280    -0.000000000354242     0.008771711558299
3 49
    -0.002199498649816     0.013527765704437    -0.023430776639213
     0.013527765704437    -0.004059704154757    -0.008909082283581
    -0.023430776639213    -0.008909082283581     0.006227614930188
3 50
    -0.039291162993840     0.141347519724506    -0.244821082893200
     0.141347519724506     0.060656622269170     0.173114656559146
    -0.244821082893200     0.173114656559146    -0.139238960300578
3 51
    -0.119219713934390    -0.305113284187097     0.528471683297015
    -0.305113284187097    -0.334967401667176     0.747371839688569
     0.528471683297015     0.747371839688569    -1.197957962251744
3 52
    -0.051656646631523    -0.030960379784955     0.053624945912587
    -0.030960379784955     0.002066310945710     0.005737921796678
     0.053624945912587     0.005737921796678    -0.004559265601539
3 53
     0.003995872843500     0.003377027593547     0.005849183743069
     0.003377027593547     0.006383792403220    -0.004135996896812
     0.005849183743069    -0.004135996896812     0.001607953952078
3 54
    -0.012355748338930     0.009936988397535     0.000589303850767
     0.009936988397535     0.006096544017018     0.025060443045022
     0.000589303850767     0.025060443045022     0.006227619030772
3 55
     0.015556911089347    -0.007196796856635    -0.012465218601688
    -0.007196796856635    -0.065147246774315     0.052470724179767
    -0.012465218601688     0.052470724179767    -0.004559265604470
3 56
    -0.012355748338790    -0.004458142583759     0.008900336069198
    -0.004458142583759    -0.015508131416909     0.012586976279432
     0.008900336069198     0.012586976279432     0.027832294465736
3 57
    -0.012355747964042    -0.004458142053750    -0.008900337717283
    -0.004458142053750    -0.015508130667311    -0.012586978609712
    -0.008900337717283    -0.012586978609712     0.027832291426897
3 58
     0.015556910564501    -0.007196796123172     0.012465219004379
    -0.007196796123172    -0.065147243649502    -0.052470729695163
     0.012465219004379    -0.052470729695163    -0.004559272628115
3 59
    -0.012355748314117     0.009936988942666    -0.000589303885863
     0.009936988942666     0.006096545509453    -0.025060442174206
    -0.000589303885863    -0.025060442174206     0.006227614931201
3 60
     0.003995873089779     0.003377027680643    -0.005849183277719
     0.003377027680643     0.006383792156907     0.004135997554809
    -0.005849183277719     0.004135997554809     0.001607953951559
3 61
    -0.051656644373651    -0.030960378067383    -0.053624951248561
    -0.030960378067383     0.002066311287423    -0.005737923257387
    -0.053624951248561    -0.005737923257387    -0.004559272631046
3 62
    -0.119219691683150    -0.305113252716942    -0.528471689412623
    -0.305113252716942    -0.334967357158614    -0.747371848338525
    -0.528471689412623    -0.747371848338525    -1.197958142687642
3 63
    -0.039291173302004     0.141347516079024     0.244821094959588
     0.141347516079024     0.060656632578742    -0.173114639485397
     0.244821094959588    -0.173114639485397    -0.139238960278863
3 64
    -0.002199499636366     0.013527764819188     0.023430777471253
     0.013527764819188    -0.004059704685324     0.008909082541716
     0.023430777471253     0.008909082541716     0.006227619031785
4 1
    -1.845200989881735    -0.000000030905099    -0.000000053543877
    -0.000000030905099     0.096527954604778     0.000000002445926
    -0.000000053543877     0.000000002445926     0.096527957433101
4 2
     0.127653322101590     0.000000002204662     0.000000003819510
     0.000000002204662    -0.017629368260150    -0.000000000446711
     0.000000003819510    -0.000000000446711    -0.017629368776701
4 3
