 128  128
1 1
     2.019342459573122    -0.000000000028548    -0.000000000020183
    -0.000000000028548     2.019342459540405     0.000000000020201
    -0.000000000020183     0.000000000020201     2.019342459569282
1 2
    -0.237356016237042     0.000000000003424     0.000000000002425
     0.000000000003424     0.101984256717998    -0.058139356279062
     0.000000000002425    -0.058139356279062     0.143094989798029
1 3
    -0.049307467427843     0.000000000000036     0.000000000000029
     0.000000000000036     0.011685909174114    -0.018109453427336
     0.000000000000029    -0.018109453427336     0.024491226496131
1 4
    -0.237356016237042     0.000000000003424     0.000000000002425
     0.000000000003424     0.101984256717998    -0.058139356279062
     0.000000000002425    -0.058139356279062     0.143094989798029
1 5
     0.017149188480436    -0.146938648452845    -0.050350159500235
    -0.146938648452845    -0.152520947991216     0.029069678140676
    -0.050350159500235     0.029069678140676     0.143094989800801
1 6
    -0.034007744672431    -0.020187817051237     0.000812095933337
    -0.020187817051237    -0.010696861453126     0.000468863805691
     0.000812095933337     0.000468863805691     0.021714833058736
1 7
    -0.034007744672424     0.020187817052275    -0.000812095932591
     0.020187817052275    -0.010696861454277     0.000468863805307
    -0.000812095932591     0.000468863805307     0.021714833058768
1 8
     0.017149188480506     0.146938648452402     0.050350159499972
     0.146938648452402    -0.152520947999592     0.029069678136280
     0.050350159499972     0.029069678136280     0.143094989798771
1 9
    -0.003562434976242    -0.026410906799725    -0.015683246717142
    -0.026410906799725    -0.034059123276004     0.009054726713855
    -0.015683246717142     0.009054726713855     0.024491226496995
1 10
     0.000958580155402     0.000000000000036     0.000000000000029
     0.000000000000036    -0.045663186280964    -0.000937727611708
     0.000000000000029    -0.000937727611708     0.021714833058724
1 11
    -0.003562434976228     0.026410906799893     0.015683246717276
     0.026410906799893    -0.034059123277509     0.009054726712876
     0.015683246717276     0.009054726712876     0.024491226496363
1 12
     0.000958580155402     0.000000000000036     0.000000000000029
     0.000000000000036    -0.045663186280964    -0.000937727611708
     0.000000000000029    -0.000937727611708     0.021714833058724
1 13
     0.017149188480436    -0.146938648452845    -0.050350159500235
    -0.146938648452845    -0.152520947991216     0.029069678140676
    -0.050350159500235     0.029069678140676     0.143094989800801
1 14
     0.017149188480506     0.146938648452402     0.050350159499972
     0.146938648452402    -0.152520947999592     0.029069678136280
     0.050350159499972     0.029069678136280     0.143094989798771
1 15
    -0.034007744672424     0.020187817052275    -0.000812095932591
     0.020187817052275    -0.010696861454277     0.000468863805307
    -0.000812095932591     0.000468863805307     0.021714833058768
1 16
    -0.034007744672431    -0.020187817051237     0.000812095933337
    -0.020187817051237    -0.010696861453126     0.000468863805691
     0.000812095933337     0.000468863805691     0.021714833058736
1 17
     0.017149188480436    -0.096450135104463    -0.121751699821566
    -0.096450135104463     0.128520211413701    -0.070293376661052
    -0.121751699821566    -0.070293376661052    -0.137946169610125
1 18
    -0.034007744672431    -0.005963620961646    -0.019303955090415
    -0.005963620961646     0.018408233025169    -0.009821341030426
    -0.019303955090415    -0.009821341030426    -0.007390261420182
1 19
    -0.034007744672424     0.005963620962688     0.019303955091155
     0.005963620962688     0.018408233024829    -0.009821341031096
     0.019303955091155    -0.009821341031096    -0.007390261420960
1 20
     0.017149188480506     0.096450135104060     0.121751699821246
     0.096450135104060     0.128520211408204    -0.070293376666466
     0.121751699821246    -0.070293376666466    -0.137946169615032
1 21
     0.000139591349037    -0.025678594606082    -0.018157508377686
    -0.025678594606082    -0.015739102995187    -0.011807044986129
    -0.018157508377686    -0.011807044986129    -0.007390261420245
1 22
    -0.005416717812420     0.000000000000036     0.000000000000029
     0.000000000000036    -0.005416717812332    -0.000000000000010
     0.000000000000029    -0.000000000000010    -0.005416717812410
1 23
     0.000139591349051     0.025678594606144     0.018157508377738
     0.025678594606144    -0.015739102996651    -0.011807044987164
     0.018157508377738    -0.011807044987164    -0.007390261420977
1 24
    -0.001641089213434     0.000000000000036     0.000000000000029
     0.000000000000036    -0.102994784311059    -0.071667885103427
     0.000000000000029    -0.071667885103427    -0.052317936764431
1 25
     0.010468885852683    -0.019714973644060     0.001146446712998
    -0.019714973644060    -0.026068397498836     0.021628386017325
     0.001146446712998     0.021628386017325    -0.007390261419960
1 26
     0.010468885852690     0.019714973643831    -0.001146446713148
     0.019714973643831    -0.026068397499960     0.021628386016960
    -0.001146446713148     0.021628386016960    -0.007390261419914
1 27
    -0.009609810616060     0.010061236471257    -0.003698068615277
     0.010061236471257    -0.021227525786023    -0.002135080910898
    -0.003698068615277    -0.002135080910898    -0.006820413411605
1 28
    -0.009609810616063    -0.010061236470917     0.003698068615527
    -0.010061236470917    -0.021227525785450    -0.002135080910800
     0.003698068615527    -0.002135080910800    -0.006820413411754
1 29
     0.184205722879303    -0.000000000002584    -0.000000000001823
    -0.000000000002584    -0.038536322985200     0.140586753329717
    -0.000000000001823     0.140586753329717    -0.137946169608329
1 30
    -0.077656360537912     0.043887437362500    -0.062066209133417
     0.043887437362500    -0.026979512989079     0.035833942551355
    -0.062066209133417     0.035833942551355    -0.052317936761013
1 31
    -0.027036383371090     0.000000000000036     0.000000000000029
     0.000000000000036    -0.003800953030991     0.004270161821203
     0.000000000000029     0.004270161821203    -0.006820413411551
1 32
    -0.077656360537912    -0.043887437360216     0.062066209135039
    -0.043887437360216    -0.026979512986577     0.035833942550470
     0.062066209135039     0.035833942550470    -0.052317936763515
1 33
    -0.003562434976242    -0.023589942405838    -0.019672692821949
    -0.023589942405838     0.023676884220735    -0.011358034495495
    -0.019672692821949    -0.011358034495495    -0.033244781000978
1 34
     0.000958580155402     0.000000000000036     0.000000000000029
     0.000000000000036     0.013638987751563    -0.021904212310008
     0.000000000000029    -0.021904212310008    -0.037587340975071
1 35
    -0.003562434976228     0.023589942406013     0.019672692822071
     0.023589942406013     0.023676884219390    -0.011358034496531
     0.019672692822071    -0.011358034496531    -0.033244781001771
1 36
     0.000958580155402     0.000000000000036     0.000000000000029
     0.000000000000036     0.013638987751563    -0.021904212310008
     0.000000000000029    -0.021904212310008    -0.037587340975071
1 37
     0.010468885852683    -0.005490777554469    -0.018969604310754
    -0.005490777554469     0.004128682054585     0.010952106155428
    -0.018969604310754     0.010952106155428    -0.037587340974027
1 38
     0.010468885852690     0.005490777554244     0.018969604310598
     0.005490777554244     0.004128682054272     0.010952106154777
     0.018969604310598     0.010952106154777    -0.037587340974791
1 39
    -0.009609810616060    -0.000132827036530     0.010718514253127
    -0.000132827036530    -0.009763186066689    -0.006188337089494
     0.010718514253127    -0.006188337089494    -0.018284753131184
1 40
    -0.009609810616063     0.000132827036872    -0.010718514252880
     0.000132827036872    -0.009763186066697    -0.006188337089191
    -0.010718514252880    -0.006188337089191    -0.018284753130752
1 41
     0.037296543818785     0.000000000000036     0.000000000000029
     0.000000000000036    -0.017182094574300     0.022716068992305
     0.000000000000029     0.022716068992305    -0.033244781000688
1 42
    -0.009839873792247     0.000000000000036     0.000000000000029
     0.000000000000036    -0.009533122890514     0.012376674178365
     0.000000000000029     0.012376674178365    -0.018284753130594
1 43
    -0.039161388739808     0.000000000000036     0.000000000000029
     0.000000000000036    -0.039161388739173    -0.000000000000010
     0.000000000000029    -0.000000000000010    -0.039161388739733
1 44
    -0.009839873792247     0.000000000000036     0.000000000000029
     0.000000000000036    -0.009533122890514     0.012376674178365
     0.000000000000029     0.012376674178365    -0.018284753130594
1 45
     0.010468885852683    -0.005490777554469    -0.018969604310754
    -0.005490777554469     0.004128682054585     0.010952106155428
    -0.018969604310754     0.010952106155428    -0.037587340974027
1 46
    -0.009609810616063     0.000132827036872    -0.010718514252880
     0.000132827036872    -0.009763186066697    -0.006188337089191
    -0.010718514252880    -0.006188337089191    -0.018284753130752
1 47
    -0.009609810616060    -0.000132827036530     0.010718514253127
    -0.000132827036530    -0.009763186066689    -0.006188337089494
     0.010718514253127    -0.006188337089494    -0.018284753131184
1 48
     0.010468885852690     0.005490777554244     0.018969604310598
     0.005490777554244     0.004128682054272     0.010952106154777
     0.018969604310598     0.010952106154777    -0.037587340974791
1 49
     0.017149188480436    -0.096450135104463    -0.121751699821566
    -0.096450135104463     0.128520211413701    -0.070293376661052
    -0.121751699821566    -0.070293376661052    -0.137946169610125
1 50
     0.017149188480506     0.096450135104060     0.121751699821246
     0.096450135104060     0.128520211408204    -0.070293376666466
     0.121751699821246    -0.070293376666466    -0.137946169615032
1 51
    -0.034007744672424     0.005963620962688     0.019303955091155
     0.005963620962688     0.018408233024829    -0.009821341031096
     0.019303955091155    -0.009821341031096    -0.007390261420960
1 52
    -0.034007744672431    -0.005963620961646    -0.019303955090415
    -0.005963620961646     0.018408233025169    -0.009821341030426
    -0.019303955090415    -0.009821341030426    -0.007390261420182
1 53
     0.184205722879303    -0.000000000002584    -0.000000000001823
    -0.000000000002584    -0.038536322985201     0.140586753329717
    -0.000000000001823     0.140586753329717    -0.137946169608329
1 54
    -0.077656360537912    -0.043887437360216     0.062066209135039
    -0.043887437360216    -0.026979512986577     0.035833942550470
     0.062066209135039     0.035833942550470    -0.052317936763515
1 55
    -0.027036383371090     0.000000000000036     0.000000000000029
     0.000000000000036    -0.003800953030991     0.004270161821203
     0.000000000000029     0.004270161821203    -0.006820413411551
1 56
    -0.077656360537912     0.043887437362500    -0.062066209133417
     0.043887437362500    -0.026979512989079     0.035833942551355
    -0.062066209133417     0.035833942551355    -0.052317936761013
1 57
     0.010468885852683    -0.019714973644060     0.001146446712998
    -0.019714973644060    -0.026068397498836     0.021628386017325
     0.001146446712998     0.021628386017325    -0.007390261419960
1 58
    -0.009609810616063    -0.010061236470917     0.003698068615527
    -0.010061236470917    -0.021227525785450    -0.002135080910800
     0.003698068615527    -0.002135080910800    -0.006820413411754
1 59
    -0.009609810616060     0.010061236471257    -0.003698068615277
     0.010061236471257    -0.021227525786023    -0.002135080910898
    -0.003698068615277    -0.002135080910898    -0.006820413411605
1 60
     0.010468885852690     0.019714973643831    -0.001146446713148
     0.019714973643831    -0.026068397499960     0.021628386016960
    -0.001146446713148     0.021628386016960    -0.007390261419914
1 61
     0.000139591349037    -0.025678594606082    -0.018157508377686
    -0.025678594606082    -0.015739102995187    -0.011807044986129
    -0.018157508377686    -0.011807044986129    -0.007390261420245
1 62
    -0.001641089213434     0.000000000000036     0.000000000000029
     0.000000000000036    -0.102994784311059    -0.071667885103427
     0.000000000000029    -0.071667885103427    -0.052317936764431
1 63
     0.000139591349051     0.025678594606144     0.018157508377738
     0.025678594606144    -0.015739102996651    -0.011807044987164
     0.018157508377738    -0.011807044987164    -0.007390261420977
1 64
    -0.005416717812420     0.000000000000036     0.000000000000029
     0.000000000000036    -0.005416717812332    -0.000000000000010
     0.000000000000029    -0.000000000000010    -0.005416717812410
1 65
     0.053687076555430     0.063055784056338     0.044587172500224
     0.063055784056338    -0.019123471245317     0.025742416043671
     0.044587172500224     0.025742416043671    -0.037326108193944
1 66
     0.028858295282645     0.000000000000015     0.000000000000007
     0.000000000000015    -0.005457871314273     0.003888294735999
     0.000000000000007     0.003888294735999    -0.008207310889414
1 67
     0.053687076555394    -0.063055784057837    -0.044587172501291
    -0.063055784057837    -0.019123471241723     0.025742416046212
    -0.044587172501291     0.025742416046212    -0.037326108192147
1 68
    -0.194186110149621     0.000000000002730     0.000000000001926
     0.000000000002730    -0.436728661200564    -0.171503482582262
     0.000000000001926    -0.171503482582262    -0.315457385681498
1 69
     0.003121170334894     0.014859336016605     0.003367362018984
     0.014859336016605     0.020279253632642    -0.001944147368034
     0.003367362018984    -0.001944147368034    -0.008207310889599
1 70
     0.003121170334888    -0.014859336016659    -0.003367362019034
    -0.014859336016659     0.020279253633489    -0.001944147367639
    -0.003367362019034    -0.001944147367639    -0.008207310889463
1 71
    -0.006296072552384    -0.015265172584855    -0.005258111464267
    -0.034135757002503     0.061408346343811     0.009262868940802
    -0.018601629671222     0.032374520426456    -0.010706201628635
1 72
    -0.006296072552372     0.015265172585082     0.005258111464409
     0.034135757002727     0.061408346342403     0.009262868939964
     0.018601629671368     0.032374520425618    -0.010706201629116
1 73
    -0.055528745143445     0.000000000000015     0.000000000000007
     0.000000000000015     0.090092350453578    -0.051484832089382
     0.000000000000007    -0.051484832089382    -0.037326108194602
1 74
     0.023091011623097    -0.051102397962204     0.005392824081000
    -0.032231813544556     0.032021262169295    -0.009185092573201
     0.018736342287955    -0.032296744058855    -0.010706201629957
1 75
     0.018007961236498     0.000000000000015     0.000000000000007
     0.000000000000015     0.018007961236206    -0.000000000000010
     0.000000000000007    -0.000000000000010    -0.005563339838780
1 76
     0.023091011623110     0.051102397961579    -0.005392824081454
     0.032231813543934     0.032021262166920    -0.009185092573697
    -0.018736342288414    -0.032296744059351    -0.010706201629470
1 77
    -0.376093023443153     0.105024005361990    -0.148526372746301
     0.105024005361990    -0.254821747913008     0.085751741287439
    -0.148526372746301     0.085751741287439    -0.315457385673321
1 78
     0.065873471616865    -0.007531348751376     0.010650935545193
    -0.026401933169026    -0.010761197824480    -0.000077776366013
     0.037337971958537    -0.000077776366583    -0.010706201629781
1 79
     0.065873471616865     0.007531348749528    -0.010650935546507
     0.026401933167177    -0.010761197825447    -0.000077776366241
    -0.037337971959852    -0.000077776365671    -0.010706201628813
1 80
    -0.376093023443153    -0.105024005351277     0.148526372753869
    -0.105024005351277    -0.254821747907021     0.085751741285323
     0.148526372753869     0.085751741285323    -0.315457385679307
1 81
     0.003121170334894     0.008127891363152     0.012887062342260
     0.008127891363152    -0.006264110198271     0.007440348911933
     0.012887062342260     0.007440348911933     0.018336052941881
1 82
     0.003121170334888    -0.008127891363210    -0.012887062342305
    -0.008127891363210    -0.006264110197807     0.007440348912464
    -0.012887062342305     0.007440348912464     0.018336052942400
1 83
    -0.006296072552384    -0.010045785891591    -0.012639438913150
    -0.028916370309236     0.010391894977581     0.050411559782634
    -0.025982957120110     0.027299908296980     0.040310249738686
1 84
    -0.006296072552372     0.010045785891807     0.012639438913307
     0.028916370309455     0.010391894976470     0.050411559781691
     0.025982957120262     0.027299908296037     0.040310249737907
1 85
    -0.010956750464655     0.000000000000015     0.000000000000007
     0.000000000000015     0.007813810601281    -0.014880697824478
     0.000000000000007    -0.014880697824478     0.018336052941691
1 86
     0.002293760519636    -0.009072598013921    -0.006415295578764
    -0.009072598013921     0.012769894330930    -0.003703872628938
    -0.006415295578764    -0.003703872628938     0.015388927783713
1 87
     0.008850879457257     0.000000000000015     0.000000000000007
     0.000000000000015     0.016935781654503     0.005716889169206
     0.000000000000007     0.005716889169206     0.012893330556108
1 88
     0.002293760519641     0.009072598013888     0.006415295578734
     0.009072598013888     0.012769894330413    -0.003703872629304
     0.006415295578734    -0.003703872629304     0.015388927783455
1 89
    -0.010651205433494    -0.026401933167935     0.037337971959308
    -0.007531348750286     0.014747027858564    -0.036151855079616
     0.010650935545964    -0.036151855079046     0.040310249736301
1 90
     0.014914556105398    -0.003500865345251     0.004950971250876
    -0.003500865345251     0.010872105006561    -0.002858444584459
     0.004950971250876    -0.002858444584459     0.012893330555836
1 91
     0.014914556105398     0.003500865344859    -0.004950971251161
     0.003500865344859     0.010872105006362    -0.002858444584389
    -0.004950971251161    -0.002858444584389     0.012893330556035
1 92
    -0.010651205433494     0.026401933168268    -0.037337971959080
     0.007531348750618     0.014747027857597    -0.036151855078704
    -0.010650935545736    -0.036151855079274     0.040310249737268
1 93
     0.023091011623110     0.011949729349754     0.049977410872484
    -0.006920855067894    -0.018995189198046    -0.014259704703620
     0.036633892665529     0.008851946782034     0.040310249736586
1 94
     0.018007961236498     0.000000000000015     0.000000000000007
     0.000000000000015    -0.002944306385934     0.007407745258438
     0.000000000000007     0.007407745258438     0.015388927783808
1 95
     0.023091011623097    -0.011949729350384    -0.049977410872932
     0.006920855067262    -0.018995189197902    -0.014259704702335
    -0.036633892665973     0.008851946783319     0.040310249738332
1 96
    -0.055528745143445     0.000000000000015     0.000000000000007
     0.000000000000015    -0.055528745142546    -0.000000000000010
     0.000000000000007    -0.000000000000010     0.108294987404635
1 97
    -0.055528745143445     0.000000000000015     0.000000000000007
     0.000000000000015    -0.055528745142546    -0.000000000000010
     0.000000000000007    -0.000000000000010     0.108294987404635
1 98
     0.023091011623097    -0.011949729350384    -0.049977410872932
     0.006920855067262    -0.018995189197902    -0.014259704702335
    -0.036633892665973     0.008851946783319     0.040310249738332
1 99
     0.018007961236498     0.000000000000015     0.000000000000007
     0.000000000000015    -0.002944306385934     0.007407745258438
     0.000000000000007     0.007407745258438     0.015388927783808
1 100
     0.023091011623110     0.011949729349754     0.049977410872484
    -0.006920855067894    -0.018995189198046    -0.014259704703620
     0.036633892665529     0.008851946782034     0.040310249736586
1 101
    -0.010651205433494     0.026401933168268    -0.037337971959080
     0.007531348750618     0.014747027857597    -0.036151855078704
    -0.010650935545736    -0.036151855079274     0.040310249737268
1 102
     0.014914556105398     0.003500865344859    -0.004950971251161
     0.003500865344859     0.010872105006362    -0.002858444584389
    -0.004950971251161    -0.002858444584389     0.012893330556035
1 103
     0.014914556105398    -0.003500865345251     0.004950971250876
    -0.003500865345251     0.010872105006561    -0.002858444584459
     0.004950971250876    -0.002858444584459     0.012893330555836
1 104
    -0.010651205433494    -0.026401933167935     0.037337971959308
    -0.007531348750286     0.014747027858564    -0.036151855079616
     0.010650935545964    -0.036151855079046     0.040310249736301
1 105
     0.002293760519641     0.009072598013888     0.006415295578734
     0.009072598013888     0.012769894330413    -0.003703872629304
     0.006415295578734    -0.003703872629304     0.015388927783455
1 106
     0.008850879457257     0.000000000000015     0.000000000000007
     0.000000000000015     0.016935781654503     0.005716889169206
     0.000000000000007     0.005716889169206     0.012893330556108
1 107
     0.002293760519636    -0.009072598013921    -0.006415295578764
    -0.009072598013921     0.012769894330930    -0.003703872628938
    -0.006415295578764    -0.003703872628938     0.015388927783713
1 108
    -0.010956750464655     0.000000000000015     0.000000000000007
     0.000000000000015     0.007813810601281    -0.014880697824478
     0.000000000000007    -0.014880697824478     0.018336052941691
1 109
    -0.006296072552372     0.010045785891807     0.012639438913307
     0.028916370309455     0.010391894976470     0.050411559781691
     0.025982957120262     0.027299908296037     0.040310249737907
1 110
    -0.006296072552384    -0.010045785891591    -0.012639438913150
    -0.028916370309236     0.010391894977581     0.050411559782634
    -0.025982957120110     0.027299908296980     0.040310249738686
1 111
     0.003121170334888    -0.008127891363210    -0.012887062342305
    -0.008127891363210    -0.006264110197807     0.007440348912464
    -0.012887062342305     0.007440348912464     0.018336052942400
1 112
     0.003121170334894     0.008127891363152     0.012887062342260
     0.008127891363152    -0.006264110198271     0.007440348911933
     0.012887062342260     0.007440348911933     0.018336052941881
1 113
    -0.376093023443153    -0.105024005351277     0.148526372753869
    -0.105024005351277    -0.254821747907021     0.085751741285323
     0.148526372753869     0.085751741285323    -0.315457385679307
1 114
     0.065873471616865     0.007531348749528    -0.010650935546507
     0.026401933167177    -0.010761197825447    -0.000077776366241
    -0.037337971959852    -0.000077776365671    -0.010706201628813
1 115
     0.065873471616865    -0.007531348751376     0.010650935545193
    -0.026401933169026    -0.010761197824480    -0.000077776366013
     0.037337971958537    -0.000077776366583    -0.010706201629781
1 116
    -0.376093023443153     0.105024005361990    -0.148526372746301
     0.105024005361990    -0.254821747913008     0.085751741287439
    -0.148526372746301     0.085751741287439    -0.315457385673321
1 117
     0.023091011623110     0.051102397961579    -0.005392824081454
     0.032231813543934     0.032021262166920    -0.009185092573697
    -0.018736342288414    -0.032296744059351    -0.010706201629470
1 118
     0.018007961236498     0.000000000000015     0.000000000000007
     0.000000000000015     0.018007961236206    -0.000000000000010
     0.000000000000007    -0.000000000000010    -0.005563339838780
1 119
     0.023091011623097    -0.051102397962204     0.005392824081000
    -0.032231813544556     0.032021262169295    -0.009185092573201
     0.018736342287955    -0.032296744058855    -0.010706201629957
1 120
    -0.055528745143445     0.000000000000015     0.000000000000007
     0.000000000000015     0.090092350453578    -0.051484832089382
     0.000000000000007    -0.051484832089382    -0.037326108194602
1 121
    -0.006296072552372     0.015265172585082     0.005258111464409
     0.034135757002727     0.061408346342403     0.009262868939964
     0.018601629671368     0.032374520425618    -0.010706201629116
1 122
    -0.006296072552384    -0.015265172584855    -0.005258111464267
    -0.034135757002503     0.061408346343811     0.009262868940802
    -0.018601629671222     0.032374520426456    -0.010706201628635
1 123
     0.003121170334888    -0.014859336016659    -0.003367362019034
    -0.014859336016659     0.020279253633489    -0.001944147367639
    -0.003367362019034    -0.001944147367639    -0.008207310889463
1 124
     0.003121170334894     0.014859336016605     0.003367362018984
     0.014859336016605     0.020279253632642    -0.001944147368034
     0.003367362018984    -0.001944147368034    -0.008207310889599
1 125
    -0.194186110149621     0.000000000002730     0.000000000001926
     0.000000000002730    -0.436728661200564    -0.171503482582262
     0.000000000001926    -0.171503482582262    -0.315457385681498
1 126
     0.053687076555394    -0.063055784057837    -0.044587172501291
    -0.063055784057837    -0.019123471241723     0.025742416046212
    -0.044587172501291     0.025742416046212    -0.037326108192147
1 127
     0.028858295282645     0.000000000000015     0.000000000000007
     0.000000000000015    -0.005457871314273     0.003888294735999
     0.000000000000007     0.003888294735999    -0.008207310889414
1 128
     0.053687076555430     0.063055784056338     0.044587172500224
     0.063055784056338    -0.019123471245317     0.025742416043671
     0.044587172500224     0.025742416043671    -0.037326108193944
2 1
    -0.237356016237042     0.000000000003424     0.000000000002425
     0.000000000003424     0.101984256717998    -0.058139356279062
     0.000000000002425    -0.058139356279062     0.143094989798029
2 2
     2.019342459573123    -0.000000000028548    -0.000000000020183
    -0.000000000028548     2.019342459540405     0.000000000020201
    -0.000000000020183     0.000000000020201     2.019342459569282
2 3
    -0.237356016237042     0.000000000003424     0.000000000002425
     0.000000000003424     0.101984256717998    -0.058139356279062
     0.000000000002425    -0.058139356279062     0.143094989798029
2 4
    -0.049307467427843     0.000000000000036     0.000000000000029
     0.000000000000036     0.011685909174114    -0.018109453427336
     0.000000000000029    -0.018109453427336     0.024491226496131
2 5
     0.017149188480506     0.146938648452402     0.050350159499972
     0.146938648452402    -0.152520947999592     0.029069678136280
     0.050350159499972     0.029069678136280     0.143094989798771
2 6
     0.017149188480436    -0.146938648452845    -0.050350159500235
    -0.146938648452845    -0.152520947991216     0.029069678140676
    -0.050350159500235     0.029069678140676     0.143094989800801
2 7
    -0.034007744672431    -0.020187817051237     0.000812095933337
    -0.020187817051237    -0.010696861453126     0.000468863805691
     0.000812095933337     0.000468863805691     0.021714833058736
2 8
    -0.034007744672424     0.020187817052275    -0.000812095932591
     0.020187817052275    -0.010696861454277     0.000468863805307
    -0.000812095932591     0.000468863805307     0.021714833058768
2 9
     0.000958580155402     0.000000000000036     0.000000000000029
     0.000000000000036    -0.045663186280964    -0.000937727611708
     0.000000000000029    -0.000937727611708     0.021714833058724
2 10
    -0.003562434976242    -0.026410906799725    -0.015683246717142
    -0.026410906799725    -0.034059123276004     0.009054726713855
    -0.015683246717142     0.009054726713855     0.024491226496995
2 11
     0.000958580155402     0.000000000000036     0.000000000000029
     0.000000000000036    -0.045663186280964    -0.000937727611708
     0.000000000000029    -0.000937727611708     0.021714833058724
2 12
    -0.003562434976228     0.026410906799893     0.015683246717276
     0.026410906799893    -0.034059123277509     0.009054726712876
     0.015683246717276     0.009054726712876     0.024491226496363
2 13
    -0.034007744672431    -0.020187817051237     0.000812095933337
    -0.020187817051237    -0.010696861453126     0.000468863805691
     0.000812095933337     0.000468863805691     0.021714833058736
2 14
     0.017149188480436    -0.146938648452845    -0.050350159500235
    -0.146938648452845    -0.152520947991216     0.029069678140676
    -0.050350159500235     0.029069678140676     0.143094989800801
2 15
     0.017149188480506     0.146938648452402     0.050350159499972
     0.146938648452402    -0.152520947999592     0.029069678136280
     0.050350159499972     0.029069678136280     0.143094989798771
2 16
    -0.034007744672424     0.020187817052275    -0.000812095932591
     0.020187817052275    -0.010696861454277     0.000468863805307
    -0.000812095932591     0.000468863805307     0.021714833058768
2 17
     0.017149188480506     0.096450135104060     0.121751699821246
     0.096450135104060     0.128520211408204    -0.070293376666466
     0.121751699821246    -0.070293376666466    -0.137946169615032
2 18
     0.017149188480436    -0.096450135104463    -0.121751699821566
    -0.096450135104463     0.128520211413701    -0.070293376661052
    -0.121751699821566    -0.070293376661052    -0.137946169610125
2 19
    -0.034007744672431    -0.005963620961646    -0.019303955090415
    -0.005963620961646     0.018408233025169    -0.009821341030426
    -0.019303955090415    -0.009821341030426    -0.007390261420182
2 20
    -0.034007744672424     0.005963620962688     0.019303955091155
     0.005963620962688     0.018408233024829    -0.009821341031096
     0.019303955091155    -0.009821341031096    -0.007390261420960
2 21
    -0.001641089213434     0.000000000000036     0.000000000000029
     0.000000000000036    -0.102994784311059    -0.071667885103427
     0.000000000000029    -0.071667885103427    -0.052317936764431
2 22
     0.000139591349037    -0.025678594606082    -0.018157508377686
    -0.025678594606082    -0.015739102995187    -0.011807044986129
    -0.018157508377686    -0.011807044986129    -0.007390261420245
2 23
    -0.005416717812420     0.000000000000036     0.000000000000029
     0.000000000000036    -0.005416717812332    -0.000000000000010
     0.000000000000029    -0.000000000000010    -0.005416717812410
2 24
     0.000139591349051     0.025678594606144     0.018157508377738
     0.025678594606144    -0.015739102996651    -0.011807044987164
     0.018157508377738    -0.011807044987164    -0.007390261420977
2 25
    -0.009609810616063    -0.010061236470917     0.003698068615527
    -0.010061236470917    -0.021227525785450    -0.002135080910800
     0.003698068615527    -0.002135080910800    -0.006820413411754
2 26
     0.010468885852683    -0.019714973644060     0.001146446712998
    -0.019714973644060    -0.026068397498836     0.021628386017325
     0.001146446712998     0.021628386017325    -0.007390261419960
2 27
     0.010468885852690     0.019714973643831    -0.001146446713148
     0.019714973643831    -0.026068397499960     0.021628386016960
    -0.001146446713148     0.021628386016960    -0.007390261419914
2 28
    -0.009609810616060     0.010061236471257    -0.003698068615277
     0.010061236471257    -0.021227525786023    -0.002135080910898
    -0.003698068615277    -0.002135080910898    -0.006820413411605
2 29
    -0.077656360537912    -0.043887437360216     0.062066209135039
    -0.043887437360216    -0.026979512986577     0.035833942550470
     0.062066209135039     0.035833942550470    -0.052317936763515
2 30
     0.184205722879303    -0.000000000002584    -0.000000000001823
    -0.000000000002584    -0.038536322985200     0.140586753329717
    -0.000000000001823     0.140586753329717    -0.137946169608329
2 31
    -0.077656360537912     0.043887437362500    -0.062066209133417
     0.043887437362500    -0.026979512989079     0.035833942551355
    -0.062066209133417     0.035833942551355    -0.052317936761013
2 32
    -0.027036383371090     0.000000000000036     0.000000000000029
     0.000000000000036    -0.003800953030991     0.004270161821203
     0.000000000000029     0.004270161821203    -0.006820413411551
2 33
     0.000958580155402     0.000000000000036     0.000000000000029
     0.000000000000036     0.013638987751563    -0.021904212310008
     0.000000000000029    -0.021904212310008    -0.037587340975071
2 34
    -0.003562434976242    -0.023589942405838    -0.019672692821949
    -0.023589942405838     0.023676884220735    -0.011358034495495
    -0.019672692821949    -0.011358034495495    -0.033244781000978
2 35
     0.000958580155402     0.000000000000036     0.000000000000029
     0.000000000000036     0.013638987751563    -0.021904212310008
     0.000000000000029    -0.021904212310008    -0.037587340975071
2 36
    -0.003562434976228     0.023589942406013     0.019672692822071
     0.023589942406013     0.023676884219390    -0.011358034496531
     0.019672692822071    -0.011358034496531    -0.033244781001771
2 37
    -0.009609810616063     0.000132827036872    -0.010718514252880
     0.000132827036872    -0.009763186066697    -0.006188337089191
    -0.010718514252880    -0.006188337089191    -0.018284753130752
2 38
     0.010468885852683    -0.005490777554469    -0.018969604310754
    -0.005490777554469     0.004128682054585     0.010952106155428
    -0.018969604310754     0.010952106155428    -0.037587340974027
2 39
     0.010468885852690     0.005490777554244     0.018969604310598
     0.005490777554244     0.004128682054272     0.010952106154777
     0.018969604310598     0.010952106154777    -0.037587340974791
2 40
    -0.009609810616060    -0.000132827036530     0.010718514253127
    -0.000132827036530    -0.009763186066689    -0.006188337089494
     0.010718514253127    -0.006188337089494    -0.018284753131184
2 41
    -0.009839873792247     0.000000000000036     0.000000000000029
     0.000000000000036    -0.009533122890514     0.012376674178365
     0.000000000000029     0.012376674178365    -0.018284753130594
2 42
     0.037296543818785     0.000000000000036     0.000000000000029
     0.000000000000036    -0.017182094574300     0.022716068992305
     0.000000000000029     0.022716068992305    -0.033244781000688
2 43
    -0.009839873792247     0.000000000000036     0.000000000000029
     0.000000000000036    -0.009533122890514     0.012376674178365
     0.000000000000029     0.012376674178365    -0.018284753130594
2 44
    -0.039161388739808     0.000000000000036     0.000000000000029
     0.000000000000036    -0.039161388739173    -0.000000000000010
     0.000000000000029    -0.000000000000010    -0.039161388739733
2 45
     0.010468885852690     0.005490777554244     0.018969604310598
     0.005490777554244     0.004128682054272     0.010952106154777
     0.018969604310598     0.010952106154777    -0.037587340974791
2 46
     0.010468885852683    -0.005490777554469    -0.018969604310754
    -0.005490777554469     0.004128682054585     0.010952106155428
    -0.018969604310754     0.010952106155428    -0.037587340974027
2 47
    -0.009609810616063     0.000132827036872    -0.010718514252880
     0.000132827036872    -0.009763186066697    -0.006188337089191
    -0.010718514252880    -0.006188337089191    -0.018284753130752
2 48
    -0.009609810616060    -0.000132827036530     0.010718514253127
    -0.000132827036530    -0.009763186066689    -0.006188337089494
     0.010718514253127    -0.006188337089494    -0.018284753131184
2 49
    -0.034007744672431    -0.005963620961646    -0.019303955090415
    -0.005963620961646     0.018408233025169    -0.009821341030426
    -0.019303955090415    -0.009821341030426    -0.007390261420182
2 50
     0.017149188480436    -0.096450135104463    -0.121751699821566
    -0.096450135104463     0.128520211413701    -0.070293376661052
    -0.121751699821566    -0.070293376661052    -0.137946169610125
2 51
     0.017149188480506     0.096450135104060     0.121751699821246
     0.096450135104060     0.128520211408204    -0.070293376666466
     0.121751699821246    -0.070293376666466    -0.137946169615032
2 52
    -0.034007744672424     0.005963620962688     0.019303955091155
     0.005963620962688     0.018408233024829    -0.009821341031096
     0.019303955091155    -0.009821341031096    -0.007390261420960
2 53
    -0.077656360537912     0.043887437362500    -0.062066209133417
     0.043887437362500    -0.026979512989079     0.035833942551355
    -0.062066209133417     0.035833942551355    -0.052317936761013
2 54
     0.184205722879303    -0.000000000002584    -0.000000000001823
    -0.000000000002584    -0.038536322985201     0.140586753329717
    -0.000000000001823     0.140586753329717    -0.137946169608329
2 55
    -0.077656360537912    -0.043887437360216     0.062066209135039
    -0.043887437360216    -0.026979512986577     0.035833942550470
     0.062066209135039     0.035833942550470    -0.052317936763515
2 56
    -0.027036383371090     0.000000000000036     0.000000000000029
     0.000000000000036    -0.003800953030991     0.004270161821203
     0.000000000000029     0.004270161821203    -0.006820413411551
2 57
     0.010468885852690     0.019714973643831    -0.001146446713148
     0.019714973643831    -0.026068397499960     0.021628386016960
    -0.001146446713148     0.021628386016960    -0.007390261419914
2 58
     0.010468885852683    -0.019714973644060     0.001146446712998
    -0.019714973644060    -0.026068397498836     0.021628386017325
     0.001146446712998     0.021628386017325    -0.007390261419960
2 59
    -0.009609810616063    -0.010061236470917     0.003698068615527
    -0.010061236470917    -0.021227525785450    -0.002135080910800
     0.003698068615527    -0.002135080910800    -0.006820413411754
2 60
    -0.009609810616060     0.010061236471257    -0.003698068615277
     0.010061236471257    -0.021227525786023    -0.002135080910898
    -0.003698068615277    -0.002135080910898    -0.006820413411605
2 61
    -0.005416717812420     0.000000000000036     0.000000000000029
     0.000000000000036    -0.005416717812332    -0.000000000000010
     0.000000000000029    -0.000000000000010    -0.005416717812410
2 62
     0.000139591349037    -0.025678594606082    -0.018157508377686
    -0.025678594606082    -0.015739102995187    -0.011807044986129
    -0.018157508377686    -0.011807044986129    -0.007390261420245
2 63
    -0.001641089213434     0.000000000000036     0.000000000000029
     0.000000000000036    -0.102994784311059    -0.071667885103427
     0.000000000000029    -0.071667885103427    -0.052317936764431
2 64
     0.000139591349051     0.025678594606144     0.018157508377738
     0.025678594606144    -0.015739102996651    -0.011807044987164
     0.018157508377738    -0.011807044987164    -0.007390261420977
2 65
    -0.194186110149621     0.000000000002730     0.000000000001926
     0.000000000002730    -0.436728661200564    -0.171503482582262
     0.000000000001926    -0.171503482582262    -0.315457385681498
2 66
     0.053687076555430     0.063055784056338     0.044587172500224
     0.063055784056338    -0.019123471245317     0.025742416043671
     0.044587172500224     0.025742416043671    -0.037326108193944
2 67
