 128  128
1 1
     1.979482463281131    -0.000000000027983    -0.000000000019783
    -0.000000000027983     1.979482463249062     0.000000000019802
    -0.000000000019783     0.000000000019802     1.979482463277365
1 2
    -0.239542640838987     0.000000000003456     0.000000000002448
     0.000000000003456     0.103912553971385    -0.058999390424386
     0.000000000002448    -0.058999390424386     0.145631423027654
1 3
    -0.049127806983436     0.000000000000036     0.000000000000030
     0.000000000000036     0.008673327305535    -0.018688726008932
     0.000000000000030    -0.018688726008932     0.021888252198081
1 4
    -0.239542640838987     0.000000000003456     0.000000000002448
     0.000000000003456     0.103912553971385    -0.058999390424386
     0.000000000002448    -0.058999390424386     0.145631423027654
1 5
     0.018048755270014    -0.148720461883509    -0.051094970918255
    -0.148720461883509    -0.153678842129250     0.029499695213364
    -0.051094970918255     0.029499695213364     0.145631423030467
1 6
    -0.034365898391065    -0.021043252409859     0.001757859165625
    -0.021043252409859    -0.010067243502581     0.001014900462440
     0.001757859165625     0.001014900462440     0.021414358102771
1 7
    -0.034365898391057     0.021043252410909    -0.001757859164869
     0.021043252410909    -0.010067243503780     0.001014900462066
    -0.001757859164869     0.001014900462066     0.021414358102842
1 8
     0.018048755270084     0.148720461883041     0.051094970917977
     0.148720461883041    -0.153678842137727     0.029499695208910
     0.051094970917977     0.029499695208910     0.145631423028408
1 9
    -0.005776956266611    -0.025028625330642    -0.016184911488460
    -0.025028625330642    -0.034677523409885     0.009344363004625
    -0.016184911488460     0.009344363004625     0.021888252198972
1 10
     0.002082083940515     0.000000000000036     0.000000000000030
     0.000000000000036    -0.046515225834166    -0.002029800925215
     0.000000000000030    -0.002029800925215     0.021414358102745
1 11
    -0.005776956266598     0.025028625330874     0.016184911488641
     0.025028625330874    -0.034677523411312     0.009344363003659
     0.016184911488641     0.009344363003659     0.021888252198319
1 12
     0.002082083940515     0.000000000000036     0.000000000000030
     0.000000000000036    -0.046515225834166    -0.002029800925215
     0.000000000000030    -0.002029800925215     0.021414358102745
1 13
     0.018048755270014    -0.148720461883509    -0.051094970918255
    -0.148720461883509    -0.153678842129250     0.029499695213364
    -0.051094970918255     0.029499695213364     0.145631423030467
1 14
     0.018048755270084     0.148720461883041     0.051094970917977
     0.148720461883041    -0.153678842137727     0.029499695208910
     0.051094970917977     0.029499695208910     0.145631423028408
1 15
    -0.034365898391057     0.021043252410909    -0.001757859164869
     0.021043252410909    -0.010067243503780     0.001014900462066
    -0.001757859164869     0.001014900462066     0.021414358102842
1 16
    -0.034365898391065    -0.021043252409859     0.001757859165625
    -0.021043252409859    -0.010067243502581     0.001014900462440
     0.001757859165625     0.001014900462440     0.021414358102771
1 17
     0.018048755270014    -0.097746287853846    -0.123183339161765
    -0.097746287853846     0.130916446480810    -0.071119934019422
    -0.123183339161765    -0.071119934019422    -0.138963865585677
1 18
    -0.034365898391065    -0.005357091954588    -0.020425721691777
    -0.005357091954588     0.018554307256817    -0.009104345852364
    -0.020425721691777    -0.009104345852364    -0.007207192657239
1 19
    -0.034365898391057     0.005357091955643     0.020425721692527
     0.005357091955643     0.018554307256512    -0.009104345853054
     0.020425721692527    -0.009104345853054    -0.007207192658062
1 20
     0.018048755270084     0.097746287853420     0.123183339161429
     0.097746287853420     0.130916446475239    -0.071119934024903
     0.123183339161429    -0.071119934024903    -0.138963865590642
1 21
     0.000684878121372    -0.025593667209691    -0.018097455639788
    -0.025593667209691    -0.016496469254478    -0.013137020949063
    -0.018097455639788    -0.013137020949063    -0.007207192657367
1 22
    -0.004694269925862     0.000000000000036     0.000000000000030
     0.000000000000036    -0.004694269925786    -0.000000000000011
     0.000000000000030    -0.000000000000011    -0.004694269925853
1 23
     0.000684878121387     0.025593667209739     0.018097455639831
     0.025593667209739    -0.016496469255937    -0.013137020950094
     0.018097455639831    -0.013137020950094    -0.007207192658096
1 24
    -0.001325710763368     0.000000000000036     0.000000000000030
     0.000000000000036    -0.103407251079238    -0.072182549392907
     0.000000000000030    -0.072182549392907    -0.052366480923501
1 25
     0.009963633568532    -0.020236575254706     0.002328266052274
    -0.020236575254706    -0.025775224701641     0.022241366802188
     0.002328266052274     0.022241366802188    -0.007207192657066
1 26
     0.009963633568539     0.020236575254492    -0.002328266052412
     0.020236575254492    -0.025775224702795     0.022241366801846
    -0.002328266052412     0.022241366801846    -0.007207192656972
1 27
    -0.009121135672968     0.009506171094206    -0.004211453263408
     0.009506171094206    -0.020097916553219    -0.002431483675663
    -0.004211453263408    -0.002431483675663    -0.007071382423259
1 28
    -0.009121135672971    -0.009506171093878     0.004211453263651
    -0.009506171093878    -0.020097916552677    -0.002431483675591
     0.004211453263651    -0.002431483675591    -0.007071382423428
1 29
     0.187350292085180    -0.000000000002628    -0.000000000001853
    -0.000000000002628    -0.038385090334392     0.142239868046572
    -0.000000000001853     0.142239868046572    -0.138963865583860
1 30
    -0.077886866001535     0.044202603587016    -0.062511921482520
     0.044202603587016    -0.026846095843587     0.036091274696096
    -0.062511921482520     0.036091274696096    -0.052366480920059
1 31
    -0.025586306993426     0.000000000000036     0.000000000000030
     0.000000000000036    -0.003632745232759     0.004862967350781
     0.000000000000030     0.004862967350781    -0.007071382423196
1 32
    -0.077886866001535    -0.044202603584724     0.062511921484149
    -0.044202603584724    -0.026846095841067     0.036091274695205
     0.062511921484149     0.036091274695205    -0.052366480922579
1 33
    -0.005776956266611    -0.023602155998396    -0.018202243764432
    -0.023602155998396     0.021476465972341    -0.010509070336372
    -0.018202243764432    -0.010509070336372    -0.034265737184455
1 34
     0.002082083940515     0.000000000000036     0.000000000000030
     0.000000000000036     0.012590816777675    -0.022926942694731
     0.000000000000030    -0.022926942694731    -0.037691684510359
1 35
    -0.005776956266598     0.023602155998636     0.018202243764602
     0.023602155998636     0.021476465970996    -0.010509070337366
     0.018202243764602    -0.010509070337366    -0.034265737185189
1 36
     0.002082083940515     0.000000000000036     0.000000000000030
     0.000000000000036     0.012590816777675    -0.022926942694731
     0.000000000000030    -0.022926942694731    -0.037691684510359
1 37
     0.009963633568532    -0.004550414799435    -0.019855314805128
    -0.004550414799435     0.004709267149907     0.011463471347792
    -0.019855314805128     0.011463471347792    -0.037691684509266
1 38
     0.009963633568539     0.004550414799226     0.019855314804985
     0.004550414799226     0.004709267149648     0.011463471347135
     0.019855314804985     0.011463471347135    -0.037691684510066
1 39
    -0.009121135672968    -0.000801872516940     0.010366321813007
    -0.000801872516940    -0.010047058300002    -0.005984998689383
     0.010366321813007    -0.005984998689383    -0.017122240676690
1 40
    -0.009121135672971     0.000801872517270    -0.010366321812766
     0.000801872517270    -0.010047058300048    -0.005984998689104
    -0.010366321812766    -0.005984998689104    -0.017122240676272
1 41
     0.035103177091325     0.000000000000036     0.000000000000030
     0.000000000000036    -0.019403667385603     0.021018140673949
     0.000000000000030     0.021018140673949    -0.034265737184186
1 42
    -0.010510019613798     0.000000000000036     0.000000000000030
     0.000000000000036    -0.008658174359221     0.011969997378168
     0.000000000000030     0.011969997378168    -0.017122240676119
1 43
    -0.045763091157236     0.000000000000036     0.000000000000030
     0.000000000000036    -0.045763091156494    -0.000000000000011
     0.000000000000030    -0.000000000000011    -0.045763091157148
1 44
    -0.010510019613798     0.000000000000036     0.000000000000030
     0.000000000000036    -0.008658174359221     0.011969997378168
     0.000000000000030     0.011969997378168    -0.017122240676119
1 45
     0.009963633568532    -0.004550414799435    -0.019855314805128
    -0.004550414799435     0.004709267149907     0.011463471347792
    -0.019855314805128     0.011463471347792    -0.037691684509266
1 46
    -0.009121135672971     0.000801872517270    -0.010366321812766
     0.000801872517270    -0.010047058300048    -0.005984998689104
    -0.010366321812766    -0.005984998689104    -0.017122240676272
1 47
    -0.009121135672968    -0.000801872516940     0.010366321813007
    -0.000801872516940    -0.010047058300002    -0.005984998689383
     0.010366321813007    -0.005984998689383    -0.017122240676690
1 48
     0.009963633568539     0.004550414799226     0.019855314804985
     0.004550414799226     0.004709267149648     0.011463471347135
     0.019855314804985     0.011463471347135    -0.037691684510066
1 49
     0.018048755270014    -0.097746287853846    -0.123183339161765
    -0.097746287853846     0.130916446480810    -0.071119934019422
    -0.123183339161765    -0.071119934019422    -0.138963865585677
1 50
     0.018048755270084     0.097746287853420     0.123183339161429
     0.097746287853420     0.130916446475239    -0.071119934024903
     0.123183339161429    -0.071119934024903    -0.138963865590642
1 51
    -0.034365898391057     0.005357091955643     0.020425721692527
     0.005357091955643     0.018554307256512    -0.009104345853054
     0.020425721692527    -0.009104345853054    -0.007207192658062
1 52
    -0.034365898391065    -0.005357091954588    -0.020425721691777
    -0.005357091954588     0.018554307256817    -0.009104345852364
    -0.020425721691777    -0.009104345852364    -0.007207192657239
1 53
     0.187350292085180    -0.000000000002628    -0.000000000001853
    -0.000000000002628    -0.038385090334392     0.142239868046572
    -0.000000000001853     0.142239868046572    -0.138963865583860
1 54
    -0.077886866001535    -0.044202603584724     0.062511921484149
    -0.044202603584724    -0.026846095841067     0.036091274695205
     0.062511921484149     0.036091274695205    -0.052366480922579
1 55
    -0.025586306993426     0.000000000000036     0.000000000000030
     0.000000000000036    -0.003632745232759     0.004862967350781
     0.000000000000030     0.004862967350781    -0.007071382423196
1 56
    -0.077886866001535     0.044202603587016    -0.062511921482520
     0.044202603587016    -0.026846095843587     0.036091274696096
    -0.062511921482520     0.036091274696096    -0.052366480920059
1 57
     0.009963633568532    -0.020236575254706     0.002328266052274
    -0.020236575254706    -0.025775224701641     0.022241366802188
     0.002328266052274     0.022241366802188    -0.007207192657066
1 58
    -0.009121135672971    -0.009506171093878     0.004211453263651
    -0.009506171093878    -0.020097916552677    -0.002431483675591
     0.004211453263651    -0.002431483675591    -0.007071382423428
1 59
    -0.009121135672968     0.009506171094206    -0.004211453263408
     0.009506171094206    -0.020097916553219    -0.002431483675663
    -0.004211453263408    -0.002431483675663    -0.007071382423259
1 60
     0.009963633568539     0.020236575254492    -0.002328266052412
     0.020236575254492    -0.025775224702795     0.022241366801846
    -0.002328266052412     0.022241366801846    -0.007207192656972
1 61
     0.000684878121372    -0.025593667209691    -0.018097455639788
    -0.025593667209691    -0.016496469254478    -0.013137020949063
    -0.018097455639788    -0.013137020949063    -0.007207192657367
1 62
    -0.001325710763368     0.000000000000036     0.000000000000030
     0.000000000000036    -0.103407251079238    -0.072182549392907
     0.000000000000030    -0.072182549392907    -0.052366480923501
1 63
     0.000684878121387     0.025593667209739     0.018097455639831
     0.025593667209739    -0.016496469255937    -0.013137020950094
     0.018097455639831    -0.013137020950094    -0.007207192658096
1 64
    -0.004694269925862     0.000000000000036     0.000000000000030
     0.000000000000036    -0.004694269925786    -0.000000000000011
     0.000000000000030    -0.000000000000011    -0.004694269925853
1 65
     0.055541063667977     0.063754364242910     0.045081143287361
     0.063754364242910    -0.018076135050379     0.026027610210597
     0.045081143287361     0.026027610210597    -0.036480434728369
1 66
     0.028244998089032     0.000000000000015     0.000000000000006
     0.000000000000015    -0.006015431586984     0.003502636778358
     0.000000000000006     0.003502636778358    -0.008492169805076
1 67
     0.055541063667941    -0.063754364244462    -0.045081143288468
    -0.063754364244462    -0.018076135046745     0.026027610213167
    -0.045081143288468     0.026027610213167    -0.036480434726552
1 68
    -0.201476720855258     0.000000000002836     0.000000000002001
     0.000000000002836    -0.420979978357642    -0.155212241880136
     0.000000000002001    -0.155212241880136    -0.311228349612406
1 69
     0.002549675831951     0.014835201221903     0.003033372430502
     0.014835201221903     0.019679890669263    -0.001751318389217
     0.003033372430502    -0.001751318389217    -0.008492169805243
1 70
     0.002549675831944    -0.014835201221941    -0.003033372430542
    -0.014835201221941     0.019679890670108    -0.001751318388832
    -0.003033372430542    -0.001751318388832    -0.008492169805121
1 71
    -0.006332860182948    -0.015152156188815    -0.005039374292827
    -0.034255690466726     0.062792385426458     0.010200806463741
    -0.018547612925654     0.033597762096042    -0.009925218153407
1 72
    -0.006332860182935     0.015152156189043     0.005039374292968
     0.034255690466950     0.062792385425050     0.010200806462907
     0.018547612925799     0.033597762095209    -0.009925218153882
1 73
    -0.054884734407257     0.000000000000015     0.000000000000006
     0.000000000000015     0.092349663024875    -0.052055220423220
     0.000000000000006    -0.052055220423220    -0.036480434729034
1 74
     0.024116848849075    -0.051835838173409     0.006314470388725
    -0.032732303895498     0.032342676395436    -0.009464629387453
     0.019822709021552    -0.032861585019755    -0.009925218154776
1 75
     0.017283560419839     0.000000000000015     0.000000000000006
     0.000000000000015     0.017283560419559    -0.000000000000010
     0.000000000000006    -0.000000000000010    -0.004793150830861
1 76
     0.024116848849088     0.051835838172754    -0.006314470389202
     0.032732303894846     0.032342676393025    -0.009464629387933
    -0.019822709022033    -0.032861585020234    -0.009925218154249
1 77
    -0.366104163987177     0.095047698612666    -0.134417744439319
     0.095047698612666    -0.256352535231130     0.077606120936339
    -0.134417744439319     0.077606120936339    -0.311228349605006
1 78
     0.066905299199610    -0.008028380568227     0.011353844681481
    -0.027131914846139    -0.010445773955106    -0.000736177074693
     0.038370321946562    -0.000736177075270    -0.009925218154602
1 79
     0.066905299199610     0.008028380566348    -0.011353844682818
     0.027131914844260    -0.010445773956109    -0.000736177074916
    -0.038370321947899    -0.000736177074339    -0.009925218153599
1 80
    -0.366104163987177    -0.095047698602240     0.134417744446682
    -0.095047698602240    -0.256352535225712     0.077606120934423
     0.134417744446682     0.077606120934423    -0.311228349610423
1 81
     0.002549675831951     0.007804958027773     0.012975637702421
     0.007804958027773    -0.006462713404966     0.007491487919964
     0.012975637702421     0.007491487919964     0.017650434269545
1 82
     0.002549675831944    -0.007804958027815    -0.012975637702456
    -0.007804958027815    -0.006462713404522     0.007491487920491
    -0.012975637702456     0.007491487920491     0.017650434270068
1 83
    -0.006332860182948    -0.009801886376616    -0.012605798423595
    -0.028905420654523     0.011919077725766     0.051584192523929
    -0.026114037056426     0.028187236891627     0.040948089548373
1 84
    -0.006332860182935     0.009801886376833     0.012605798423750
     0.028905420654744     0.011919077724663     0.051584192522987
     0.026114037056577     0.028187236890685     0.040948089547593
1 85
    -0.010968908023245     0.000000000000015     0.000000000000006
     0.000000000000015     0.007055870450232    -0.014982975840548
     0.000000000000006    -0.014982975840548     0.017650434269353
1 86
     0.002565752919364    -0.008497330122230    -0.006008519751543
    -0.008497330122230     0.012377624586390    -0.003469020495611
    -0.006008519751543    -0.003469020495611     0.014830592503117
1 87
     0.008871471991157     0.000000000000015     0.000000000000006
     0.000000000000015     0.015938746759216     0.004997317913291
     0.000000000000006     0.004997317913291     0.012405109375393
1 88
     0.002565752919369     0.008497330122190     0.006008519751505
     0.008497330122190     0.012377624585906    -0.003469020495953
     0.006008519751505    -0.003469020495953     0.014830592502875
1 89
    -0.009404662352432    -0.027131914845051     0.038370321947331
    -0.008028380567139     0.014990879895167    -0.036709037931714
     0.011353844682250    -0.036709037931137     0.040948089545938
1 90
     0.014171928067396    -0.003060219742606     0.004327804263435
    -0.003060219742606     0.010638290683152    -0.002498658956505
     0.004327804263435    -0.002498658956505     0.012405109375155
1 91
     0.014171928067396     0.003060219742234    -0.004327804263707
     0.003060219742234     0.010638290682977    -0.002498658956443
    -0.004327804263707    -0.002498658956443     0.012405109375329
1 92
    -0.009404662352432     0.027131914845348    -0.038370321947130
     0.008028380567436     0.014990879894165    -0.036709037930783
    -0.011353844682049    -0.036709037931360     0.040948089546940
1 93
     0.024116848849088     0.011325272948060     0.050976120370956
    -0.007778261329851    -0.018530631306360    -0.014875154592810
     0.037467881738129     0.008521801039491     0.040948089546224
1 94
     0.017283560419839     0.000000000000015     0.000000000000006
     0.000000000000015    -0.002340182914088     0.006938040991758
     0.000000000000006     0.006938040991758     0.014830592503205
1 95
     0.024116848849075    -0.011325272948720    -0.050976120371427
     0.007778261329188    -0.018530631306259    -0.014875154591514
    -0.037467881738596     0.008521801040788     0.040948089548006
1 96
    -0.054884734407257     0.000000000000015     0.000000000000006
     0.000000000000015    -0.054884734406368    -0.000000000000010
     0.000000000000006    -0.000000000000010     0.110753962705357
1 97
    -0.054884734407257     0.000000000000015     0.000000000000006
     0.000000000000015    -0.054884734406368    -0.000000000000010
     0.000000000000006    -0.000000000000010     0.110753962705357
1 98
     0.024116848849075    -0.011325272948720    -0.050976120371427
     0.007778261329188    -0.018530631306259    -0.014875154591514
    -0.037467881738596     0.008521801040788     0.040948089548006
1 99
     0.017283560419839     0.000000000000015     0.000000000000006
     0.000000000000015    -0.002340182914088     0.006938040991758
     0.000000000000006     0.006938040991758     0.014830592503205
1 100
     0.024116848849088     0.011325272948060     0.050976120370956
    -0.007778261329851    -0.018530631306360    -0.014875154592810
     0.037467881738129     0.008521801039491     0.040948089546224
1 101
    -0.009404662352432     0.027131914845348    -0.038370321947130
     0.008028380567436     0.014990879894165    -0.036709037930783
    -0.011353844682049    -0.036709037931360     0.040948089546940
1 102
     0.014171928067396     0.003060219742234    -0.004327804263707
     0.003060219742234     0.010638290682977    -0.002498658956443
    -0.004327804263707    -0.002498658956443     0.012405109375329
1 103
     0.014171928067396    -0.003060219742606     0.004327804263435
    -0.003060219742606     0.010638290683152    -0.002498658956505
     0.004327804263435    -0.002498658956505     0.012405109375155
1 104
    -0.009404662352432    -0.027131914845051     0.038370321947331
    -0.008028380567139     0.014990879895167    -0.036709037931714
     0.011353844682250    -0.036709037931137     0.040948089545938
1 105
     0.002565752919369     0.008497330122190     0.006008519751505
     0.008497330122190     0.012377624585906    -0.003469020495953
     0.006008519751505    -0.003469020495953     0.014830592502875
1 106
     0.008871471991157     0.000000000000015     0.000000000000006
     0.000000000000015     0.015938746759216     0.004997317913291
     0.000000000000006     0.004997317913291     0.012405109375393
1 107
     0.002565752919364    -0.008497330122230    -0.006008519751543
    -0.008497330122230     0.012377624586390    -0.003469020495611
    -0.006008519751543    -0.003469020495611     0.014830592503117
1 108
    -0.010968908023245     0.000000000000015     0.000000000000006
     0.000000000000015     0.007055870450232    -0.014982975840548
     0.000000000000006    -0.014982975840548     0.017650434269353
1 109
    -0.006332860182935     0.009801886376833     0.012605798423750
     0.028905420654744     0.011919077724663     0.051584192522987
     0.026114037056577     0.028187236890685     0.040948089547593
1 110
    -0.006332860182948    -0.009801886376616    -0.012605798423595
    -0.028905420654523     0.011919077725766     0.051584192523929
    -0.026114037056426     0.028187236891627     0.040948089548373
1 111
     0.002549675831944    -0.007804958027815    -0.012975637702456
    -0.007804958027815    -0.006462713404522     0.007491487920491
    -0.012975637702456     0.007491487920491     0.017650434270068
1 112
     0.002549675831951     0.007804958027773     0.012975637702421
     0.007804958027773    -0.006462713404966     0.007491487919964
     0.012975637702421     0.007491487919964     0.017650434269545
1 113
    -0.366104163987177    -0.095047698602240     0.134417744446682
    -0.095047698602240    -0.256352535225712     0.077606120934423
     0.134417744446682     0.077606120934423    -0.311228349610423
1 114
     0.066905299199610     0.008028380566348    -0.011353844682818
     0.027131914844260    -0.010445773956109    -0.000736177074916
    -0.038370321947899    -0.000736177074339    -0.009925218153599
1 115
     0.066905299199610    -0.008028380568227     0.011353844681481
    -0.027131914846139    -0.010445773955106    -0.000736177074693
     0.038370321946562    -0.000736177075270    -0.009925218154602
1 116
    -0.366104163987177     0.095047698612666    -0.134417744439319
     0.095047698612666    -0.256352535231130     0.077606120936339
    -0.134417744439319     0.077606120936339    -0.311228349605006
1 117
     0.024116848849088     0.051835838172754    -0.006314470389202
     0.032732303894846     0.032342676393025    -0.009464629387933
    -0.019822709022033    -0.032861585020234    -0.009925218154249
1 118
     0.017283560419839     0.000000000000015     0.000000000000006
     0.000000000000015     0.017283560419559    -0.000000000000010
     0.000000000000006    -0.000000000000010    -0.004793150830861
1 119
     0.024116848849075    -0.051835838173409     0.006314470388725
    -0.032732303895498     0.032342676395436    -0.009464629387453
     0.019822709021552    -0.032861585019755    -0.009925218154776
1 120
    -0.054884734407257     0.000000000000015     0.000000000000006
     0.000000000000015     0.092349663024875    -0.052055220423220
     0.000000000000006    -0.052055220423220    -0.036480434729034
1 121
    -0.006332860182935     0.015152156189043     0.005039374292968
     0.034255690466950     0.062792385425050     0.010200806462907
     0.018547612925799     0.033597762095209    -0.009925218153882
1 122
    -0.006332860182948    -0.015152156188815    -0.005039374292827
    -0.034255690466726     0.062792385426458     0.010200806463741
    -0.018547612925654     0.033597762096042    -0.009925218153407
1 123
     0.002549675831944    -0.014835201221941    -0.003033372430542
    -0.014835201221941     0.019679890670108    -0.001751318388832
    -0.003033372430542    -0.001751318388832    -0.008492169805121
1 124
     0.002549675831951     0.014835201221903     0.003033372430502
     0.014835201221903     0.019679890669263    -0.001751318389217
     0.003033372430502    -0.001751318389217    -0.008492169805243
1 125
    -0.201476720855258     0.000000000002836     0.000000000002001
     0.000000000002836    -0.420979978357642    -0.155212241880136
     0.000000000002001    -0.155212241880136    -0.311228349612406
1 126
     0.055541063667941    -0.063754364244462    -0.045081143288468
    -0.063754364244462    -0.018076135046745     0.026027610213167
    -0.045081143288468     0.026027610213167    -0.036480434726552
1 127
     0.028244998089032     0.000000000000015     0.000000000000006
     0.000000000000015    -0.006015431586984     0.003502636778358
     0.000000000000006     0.003502636778358    -0.008492169805076
1 128
     0.055541063667977     0.063754364242910     0.045081143287361
     0.063754364242910    -0.018076135050379     0.026027610210597
     0.045081143287361     0.026027610210597    -0.036480434728369
2 1
    -0.239542640838987     0.000000000003456     0.000000000002448
     0.000000000003456     0.103912553971385    -0.058999390424386
     0.000000000002448    -0.058999390424386     0.145631423027654
2 2
     1.979482463281131    -0.000000000027983    -0.000000000019783
    -0.000000000027983     1.979482463249061     0.000000000019802
    -0.000000000019783     0.000000000019802     1.979482463277365
2 3
    -0.239542640838987     0.000000000003456     0.000000000002448
     0.000000000003456     0.103912553971385    -0.058999390424386
     0.000000000002448    -0.058999390424386     0.145631423027654
2 4
    -0.049127806983436     0.000000000000036     0.000000000000030
     0.000000000000036     0.008673327305535    -0.018688726008932
     0.000000000000030    -0.018688726008932     0.021888252198080
2 5
     0.018048755270084     0.148720461883041     0.051094970917977
     0.148720461883041    -0.153678842137727     0.029499695208910
     0.051094970917977     0.029499695208910     0.145631423028408
2 6
     0.018048755270014    -0.148720461883509    -0.051094970918255
    -0.148720461883509    -0.153678842129250     0.029499695213364
    -0.051094970918255     0.029499695213364     0.145631423030467
2 7
    -0.034365898391065    -0.021043252409859     0.001757859165625
    -0.021043252409859    -0.010067243502581     0.001014900462440
     0.001757859165625     0.001014900462440     0.021414358102771
2 8
    -0.034365898391057     0.021043252410909    -0.001757859164869
     0.021043252410909    -0.010067243503780     0.001014900462066
    -0.001757859164869     0.001014900462066     0.021414358102842
2 9
     0.002082083940515     0.000000000000036     0.000000000000030
     0.000000000000036    -0.046515225834166    -0.002029800925215
     0.000000000000030    -0.002029800925215     0.021414358102745
2 10
    -0.005776956266611    -0.025028625330642    -0.016184911488460
    -0.025028625330642    -0.034677523409885     0.009344363004625
    -0.016184911488460     0.009344363004625     0.021888252198972
2 11
     0.002082083940515     0.000000000000036     0.000000000000030
     0.000000000000036    -0.046515225834166    -0.002029800925215
     0.000000000000030    -0.002029800925215     0.021414358102745
2 12
    -0.005776956266598     0.025028625330874     0.016184911488641
     0.025028625330874    -0.034677523411312     0.009344363003659
     0.016184911488641     0.009344363003659     0.021888252198319
2 13
    -0.034365898391065    -0.021043252409859     0.001757859165625
    -0.021043252409859    -0.010067243502581     0.001014900462440
     0.001757859165625     0.001014900462440     0.021414358102771
2 14
     0.018048755270014    -0.148720461883509    -0.051094970918255
    -0.148720461883509    -0.153678842129250     0.029499695213364
    -0.051094970918255     0.029499695213364     0.145631423030467
2 15
     0.018048755270084     0.148720461883041     0.051094970917977
     0.148720461883041    -0.153678842137727     0.029499695208910
     0.051094970917977     0.029499695208910     0.145631423028408
2 16
    -0.034365898391057     0.021043252410909    -0.001757859164869
     0.021043252410909    -0.010067243503780     0.001014900462066
    -0.001757859164869     0.001014900462066     0.021414358102842
2 17
     0.018048755270084     0.097746287853420     0.123183339161429
     0.097746287853420     0.130916446475239    -0.071119934024903
     0.123183339161429    -0.071119934024903    -0.138963865590642
2 18
     0.018048755270014    -0.097746287853846    -0.123183339161765
    -0.097746287853846     0.130916446480810    -0.071119934019422
    -0.123183339161765    -0.071119934019422    -0.138963865585677
2 19
    -0.034365898391065    -0.005357091954588    -0.020425721691777
    -0.005357091954588     0.018554307256817    -0.009104345852364
    -0.020425721691777    -0.009104345852364    -0.007207192657239
2 20
    -0.034365898391057     0.005357091955643     0.020425721692527
     0.005357091955643     0.018554307256512    -0.009104345853054
     0.020425721692527    -0.009104345853054    -0.007207192658062
2 21
    -0.001325710763368     0.000000000000036     0.000000000000030
     0.000000000000036    -0.103407251079238    -0.072182549392907
     0.000000000000030    -0.072182549392907    -0.052366480923501
2 22
     0.000684878121372    -0.025593667209691    -0.018097455639788
    -0.025593667209691    -0.016496469254478    -0.013137020949063
    -0.018097455639788    -0.013137020949063    -0.007207192657367
2 23
    -0.004694269925862     0.000000000000036     0.000000000000030
     0.000000000000036    -0.004694269925786    -0.000000000000011
     0.000000000000030    -0.000000000000011    -0.004694269925853
2 24
     0.000684878121387     0.025593667209739     0.018097455639831
     0.025593667209739    -0.016496469255937    -0.013137020950094
     0.018097455639831    -0.013137020950094    -0.007207192658096
2 25
    -0.009121135672971    -0.009506171093878     0.004211453263651
    -0.009506171093878    -0.020097916552677    -0.002431483675591
     0.004211453263651    -0.002431483675591    -0.007071382423428
2 26
     0.009963633568532    -0.020236575254706     0.002328266052274
    -0.020236575254706    -0.025775224701641     0.022241366802188
     0.002328266052274     0.022241366802188    -0.007207192657066
2 27
     0.009963633568539     0.020236575254492    -0.002328266052412
     0.020236575254492    -0.025775224702795     0.022241366801846
    -0.002328266052412     0.022241366801846    -0.007207192656972
2 28
    -0.009121135672968     0.009506171094206    -0.004211453263408
     0.009506171094206    -0.020097916553219    -0.002431483675663
    -0.004211453263408    -0.002431483675663    -0.007071382423259
2 29
    -0.077886866001535    -0.044202603584724     0.062511921484149
    -0.044202603584724    -0.026846095841067     0.036091274695205
     0.062511921484149     0.036091274695205    -0.052366480922579
2 30
     0.187350292085180    -0.000000000002628    -0.000000000001853
    -0.000000000002628    -0.038385090334392     0.142239868046572
    -0.000000000001853     0.142239868046572    -0.138963865583860
2 31
    -0.077886866001535     0.044202603587016    -0.062511921482520
     0.044202603587016    -0.026846095843587     0.036091274696096
    -0.062511921482520     0.036091274696096    -0.052366480920059
2 32
    -0.025586306993426     0.000000000000036     0.000000000000030
     0.000000000000036    -0.003632745232759     0.004862967350781
     0.000000000000030     0.004862967350781    -0.007071382423196
2 33
     0.002082083940515     0.000000000000036     0.000000000000030
     0.000000000000036     0.012590816777675    -0.022926942694731
     0.000000000000030    -0.022926942694731    -0.037691684510359
2 34
    -0.005776956266611    -0.023602155998396    -0.018202243764432
    -0.023602155998396     0.021476465972341    -0.010509070336372
    -0.018202243764432    -0.010509070336372    -0.034265737184455
2 35
     0.002082083940515     0.000000000000036     0.000000000000030
     0.000000000000036     0.012590816777675    -0.022926942694731
     0.000000000000030    -0.022926942694731    -0.037691684510359
2 36
    -0.005776956266598     0.023602155998636     0.018202243764602
     0.023602155998636     0.021476465970996    -0.010509070337366
     0.018202243764602    -0.010509070337366    -0.034265737185189
2 37
    -0.009121135672971     0.000801872517270    -0.010366321812766
     0.000801872517270    -0.010047058300048    -0.005984998689104
    -0.010366321812766    -0.005984998689104    -0.017122240676272
2 38
     0.009963633568532    -0.004550414799435    -0.019855314805128
    -0.004550414799435     0.004709267149907     0.011463471347792
    -0.019855314805128     0.011463471347792    -0.037691684509266
2 39
     0.009963633568539     0.004550414799226     0.019855314804985
     0.004550414799226     0.004709267149648     0.011463471347135
     0.019855314804985     0.011463471347135    -0.037691684510066
2 40
    -0.009121135672968    -0.000801872516940     0.010366321813007
    -0.000801872516940    -0.010047058300002    -0.005984998689383
     0.010366321813007    -0.005984998689383    -0.017122240676690
2 41
    -0.010510019613798     0.000000000000036     0.000000000000030
     0.000000000000036    -0.008658174359221     0.011969997378168
     0.000000000000030     0.011969997378168    -0.017122240676120
2 42
     0.035103177091325     0.000000000000036     0.000000000000030
     0.000000000000036    -0.019403667385603     0.021018140673949
     0.000000000000030     0.021018140673949    -0.034265737184186
2 43
    -0.010510019613798     0.000000000000036     0.000000000000030
     0.000000000000036    -0.008658174359221     0.011969997378168
     0.000000000000030     0.011969997378168    -0.017122240676119
2 44
    -0.045763091157236     0.000000000000036     0.000000000000030
     0.000000000000036    -0.045763091156494    -0.000000000000011
     0.000000000000030    -0.000000000000011    -0.045763091157148
2 45
     0.009963633568539     0.004550414799226     0.019855314804985
     0.004550414799226     0.004709267149648     0.011463471347135
     0.019855314804985     0.011463471347135    -0.037691684510066
2 46
     0.009963633568532    -0.004550414799435    -0.019855314805128
    -0.004550414799435     0.004709267149907     0.011463471347792
    -0.019855314805128     0.011463471347792    -0.037691684509266
2 47
    -0.009121135672971     0.000801872517270    -0.010366321812766
     0.000801872517270    -0.010047058300048    -0.005984998689104
    -0.010366321812766    -0.005984998689104    -0.017122240676272
2 48
    -0.009121135672968    -0.000801872516940     0.010366321813007
    -0.000801872516940    -0.010047058300002    -0.005984998689383
     0.010366321813007    -0.005984998689383    -0.017122240676690
2 49
    -0.034365898391065    -0.005357091954588    -0.020425721691777
    -0.005357091954588     0.018554307256817    -0.009104345852364
    -0.020425721691777    -0.009104345852364    -0.007207192657239
2 50
     0.018048755270014    -0.097746287853846    -0.123183339161765
    -0.097746287853846     0.130916446480810    -0.071119934019422
    -0.123183339161765    -0.071119934019422    -0.138963865585677
2 51
     0.018048755270084     0.097746287853420     0.123183339161429
     0.097746287853420     0.130916446475239    -0.071119934024903
     0.123183339161429    -0.071119934024903    -0.138963865590642
2 52
    -0.034365898391057     0.005357091955643     0.020425721692527
     0.005357091955643     0.018554307256512    -0.009104345853054
     0.020425721692527    -0.009104345853054    -0.007207192658062
2 53
    -0.077886866001535     0.044202603587016    -0.062511921482520
     0.044202603587016    -0.026846095843587     0.036091274696096
    -0.062511921482520     0.036091274696096    -0.052366480920059
2 54
     0.187350292085180    -0.000000000002628    -0.000000000001853
    -0.000000000002628    -0.038385090334392     0.142239868046572
    -0.000000000001853     0.142239868046572    -0.138963865583860
2 55
    -0.077886866001535    -0.044202603584724     0.062511921484149
    -0.044202603584724    -0.026846095841067     0.036091274695205
     0.062511921484149     0.036091274695205    -0.052366480922579
2 56
    -0.025586306993427     0.000000000000036     0.000000000000030
     0.000000000000036    -0.003632745232759     0.004862967350781
     0.000000000000030     0.004862967350781    -0.007071382423196
2 57
     0.009963633568539     0.020236575254492    -0.002328266052412
     0.020236575254492    -0.025775224702795     0.022241366801846
    -0.002328266052412     0.022241366801846    -0.007207192656972
2 58
     0.009963633568532    -0.020236575254706     0.002328266052274
    -0.020236575254706    -0.025775224701641     0.022241366802188
     0.002328266052274     0.022241366802188    -0.007207192657066
2 59
    -0.009121135672971    -0.009506171093878     0.004211453263651
    -0.009506171093878    -0.020097916552677    -0.002431483675591
     0.004211453263651    -0.002431483675591    -0.007071382423428
2 60
    -0.009121135672968     0.009506171094206    -0.004211453263408
     0.009506171094206    -0.020097916553219    -0.002431483675663
    -0.004211453263408    -0.002431483675663    -0.007071382423259
2 61
    -0.004694269925862     0.000000000000036     0.000000000000030
     0.000000000000036    -0.004694269925786    -0.000000000000011
     0.000000000000030    -0.000000000000011    -0.004694269925853
2 62
     0.000684878121372    -0.025593667209691    -0.018097455639788
    -0.025593667209691    -0.016496469254478    -0.013137020949063
    -0.018097455639788    -0.013137020949063    -0.007207192657367
2 63
    -0.001325710763368     0.000000000000036     0.000000000000030
     0.000000000000036    -0.103407251079238    -0.072182549392907
     0.000000000000030    -0.072182549392907    -0.052366480923501
2 64
     0.000684878121387     0.025593667209739     0.018097455639831
     0.025593667209739    -0.016496469255937    -0.013137020950094
     0.018097455639831    -0.013137020950094    -0.007207192658096
2 65
    -0.201476720855258     0.000000000002836     0.000000000002001
     0.000000000002836    -0.420979978357642    -0.155212241880136
     0.000000000002001    -0.155212241880136    -0.311228349612406
2 66
     0.055541063667977     0.063754364242910     0.045081143287361
     0.063754364242910    -0.018076135050379     0.026027610210597
     0.045081143287361     0.026027610210597    -0.036480434728369
2 67
