 128  128
1 1
     2.020401629849999    -0.000000000028563    -0.000000000020193
    -0.000000000028563     2.020401629817268     0.000000000020212
    -0.000000000020193     0.000000000020212     2.020401629846156
1 2
    -0.239077346591963     0.000000000003448     0.000000000002442
     0.000000000003448     0.102511069420098    -0.057931920467063
     0.000000000002442    -0.057931920467063     0.143475123230818
1 3
    -0.051940991764747     0.000000000000035     0.000000000000029
     0.000000000000035     0.012166308085551    -0.018085711396249
     0.000000000000029    -0.018085711396249     0.024954837256399
1 4
    -0.239077346591963     0.000000000003448     0.000000000002442
     0.000000000003448     0.102511069420098    -0.057931920467063
     0.000000000002442    -0.057931920467063     0.143475123230818
1 5
     0.017113965418288    -0.147912122952201    -0.050170514817401
    -0.147912122952201    -0.153680242581833     0.028965960234675
    -0.050170514817401     0.028965960234675     0.143475123233581
1 6
    -0.033842296956828    -0.019935430711397     0.001562373770727
    -0.019935430711397    -0.010822844380025     0.000902036917056
     0.001562373770727     0.000902036917056     0.022328743294980
1 7
    -0.033842296956821     0.019935430712431    -0.001562373769983
     0.019935430712431    -0.010822844381162     0.000902036916699
    -0.001562373769983     0.000902036916699     0.022328743295043
1 8
     0.017113965418358     0.147912122951759     0.050170514817140
     0.147912122951759    -0.153680242590264     0.028965960230265
     0.050170514817140     0.028965960230265     0.143475123231559
1 9
    -0.003860516876885    -0.027759275118963    -0.015662685515098
    -0.027759275118963    -0.035914166800752     0.009042855698309
    -0.015662685515098     0.009042855698309     0.024954837257261
1 10
     0.000686881907259     0.000000000000035     0.000000000000029
     0.000000000000035    -0.045352023244117    -0.001804073834464
     0.000000000000029    -0.001804073834464     0.022328743294957
1 11
    -0.003860516876870     0.027759275119138     0.015662685515239
     0.027759275119138    -0.035914166802334     0.009042855697304
     0.015662685515239     0.009042855697304     0.024954837256630
1 12
     0.000686881907259     0.000000000000035     0.000000000000029
     0.000000000000035    -0.045352023244117    -0.001804073834464
     0.000000000000029    -0.001804073834464     0.022328743294957
1 13
     0.017113965418288    -0.147912122952201    -0.050170514817401
    -0.147912122952201    -0.153680242581833     0.028965960234675
    -0.050170514817401     0.028965960234675     0.143475123233581
1 14
     0.017113965418358     0.147912122951759     0.050170514817140
     0.147912122951759    -0.153680242590264     0.028965960230265
     0.050170514817140     0.028965960230265     0.143475123231559
1 15
    -0.033842296956821     0.019935430712431    -0.001562373769983
     0.019935430712431    -0.010822844381162     0.000902036916699
    -0.001562373769983     0.000902036916699     0.022328743295043
1 16
    -0.033842296956828    -0.019935430711397     0.001562373770727
    -0.019935430711397    -0.010822844380025     0.000902036917056
     0.001562373770727     0.000902036917056     0.022328743294980
1 17
     0.017113965418288    -0.096605255972993    -0.122729381942264
    -0.096605255972993     0.128664106501963    -0.070857841696597
    -0.122729381942264    -0.070857841696597    -0.138869225856251
1 18
    -0.033842296956828    -0.005172123452918    -0.019316095579695
    -0.005172123452918     0.019212199260580    -0.009716954598468
    -0.019316095579695    -0.009716954598468    -0.007706300346267
1 19
    -0.033842296956821     0.005172123453956     0.019316095580432
     0.005172123453956     0.019212199260285    -0.009716954599122
     0.019316095580432    -0.009716954599122    -0.007706300347046
1 20
     0.017113965418358     0.096605255972592     0.122729381941946
     0.096605255972592     0.128664106496457    -0.070857841702041
     0.122729381941946    -0.070857841702041    -0.138869225861198
1 21
     0.001469384904120    -0.025559332481219    -0.018073177320455
    -0.025559332481219    -0.016099482599219    -0.011869752174250
    -0.018073177320455    -0.011869752174250    -0.007706300346336
1 22
    -0.003005261304488     0.000000000000035     0.000000000000029
     0.000000000000035    -0.003005261304440    -0.000000000000010
     0.000000000000029    -0.000000000000010    -0.003005261304483
1 23
     0.001469384904135     0.025559332481243     0.018073177320480
     0.025559332481243    -0.016099482600676    -0.011869752175280
     0.018073177320480    -0.011869752175280    -0.007706300347064
1 24
    -0.002368317418548     0.000000000000035     0.000000000000029
     0.000000000000035    -0.102227883805548    -0.070611376560172
     0.000000000000029    -0.070611376560172    -0.052298100614204
1 25
     0.010427765508570    -0.020387209027908     0.001242918259522
    -0.020387209027908    -0.025057863203672     0.021586706773498
     0.001242918259522     0.021586706773498    -0.007706300346051
1 26
     0.010427765508577     0.020387209027680    -0.001242918259670
     0.020387209027680    -0.025057863204834     0.021586706773123
    -0.001242918259670     0.021586706773123    -0.007706300346001
1 27
    -0.009433666851549     0.009736088849128    -0.003427019339486
     0.009736088849128    -0.020675933887187    -0.001978590538549
    -0.003427019339486    -0.001978590538549    -0.006610682907309
1 28
    -0.009433666851552    -0.009736088848793     0.003427019339733
    -0.009736088848793    -0.020675933886632    -0.001978590538451
     0.003427019339733    -0.001978590538451    -0.006610682907447
1 29
     0.184439177042766    -0.000000000002587    -0.000000000001825
    -0.000000000002587    -0.038661105122551     0.141715683400839
    -0.000000000001825     0.141715683400839    -0.138869225854440
1 30
    -0.077262992210047     0.043240460652532    -0.061151245895652
     0.043240460652532    -0.027333209016508     0.035305688279721
    -0.061151245895652     0.035305688279721    -0.052298100610837
1 31
    -0.026297067405092     0.000000000000035     0.000000000000029
     0.000000000000035    -0.003812533333643     0.003957181076516
     0.000000000000029     0.003957181076516    -0.006610682907259
1 32
    -0.077262992210047    -0.043240460650259     0.061151245897267
    -0.043240460650259    -0.027333209014044     0.035305688278850
     0.061151245897267     0.035305688278850    -0.052298100613302
1 33
    -0.003860516876885    -0.024020013225045    -0.020950800398741
    -0.024020013225045     0.023875405326591    -0.012095950248977
    -0.020950800398741    -0.012095950248977    -0.034834734871359
1 34
     0.000686881907259     0.000000000000035     0.000000000000029
     0.000000000000035     0.013674726708793    -0.022673181415566
     0.000000000000029    -0.022673181415566    -0.036698006659216
1 35
    -0.003860516876870     0.024020013225229     0.020950800398870
     0.024020013225229     0.023875405325221    -0.012095950250058
     0.020950800398870    -0.012095950250058    -0.034834734872204
1 36
     0.000686881907259     0.000000000000035     0.000000000000029
     0.000000000000035     0.013674726708793    -0.022673181415566
     0.000000000000029    -0.022673181415566    -0.036698006659216
1 37
     0.010427765508570    -0.005623901769429    -0.019635551090900
    -0.005623901769429     0.003933843107792     0.011336590708217
    -0.019635551090900     0.011336590708217    -0.036698006658134
1 38
     0.010427765508577     0.005623901769205     0.019635551090745
     0.005623901769205     0.003933843107472     0.011336590707544
     0.019635551090745     0.011336590707544    -0.036698006658926
1 39
    -0.009433666851549     0.000014338130692     0.010321612376537
     0.000014338130692    -0.009417110604363    -0.005959185684196
     0.010321612376537    -0.005959185684196    -0.017869506190374
1 40
    -0.009433666851552    -0.000014338130354    -0.010321612376292
    -0.000014338130354    -0.009417110604362    -0.005959185683902
    -0.010321612376292    -0.005959185683902    -0.017869506189958
1 41
     0.037743366427875     0.000000000000035     0.000000000000029
     0.000000000000035    -0.017728477978178     0.024191900499315
     0.000000000000029     0.024191900499315    -0.034834734871050
1 42
    -0.009408832480998     0.000000000000035     0.000000000000029
     0.000000000000035    -0.009441944974917     0.011918371367787
     0.000000000000029     0.011918371367787    -0.017869506189806
1 43
    -0.038643693558572     0.000000000000035     0.000000000000029
     0.000000000000035    -0.038643693557946    -0.000000000000010
     0.000000000000029    -0.000000000000010    -0.038643693558499
1 44
    -0.009408832480998     0.000000000000035     0.000000000000029
     0.000000000000035    -0.009441944974917     0.011918371367787
     0.000000000000029     0.011918371367787    -0.017869506189806
1 45
     0.010427765508570    -0.005623901769429    -0.019635551090900
    -0.005623901769429     0.003933843107792     0.011336590708217
    -0.019635551090900     0.011336590708217    -0.036698006658134
1 46
    -0.009433666851552    -0.000014338130354    -0.010321612376292
    -0.000014338130354    -0.009417110604362    -0.005959185683902
    -0.010321612376292    -0.005959185683902    -0.017869506189958
1 47
    -0.009433666851549     0.000014338130692     0.010321612376537
     0.000014338130692    -0.009417110604363    -0.005959185684196
     0.010321612376537    -0.005959185684196    -0.017869506190374
1 48
     0.010427765508577     0.005623901769205     0.019635551090745
     0.005623901769205     0.003933843107472     0.011336590707544
     0.019635551090745     0.011336590707544    -0.036698006658926
1 49
     0.017113965418288    -0.096605255972993    -0.122729381942264
    -0.096605255972993     0.128664106501963    -0.070857841696597
    -0.122729381942264    -0.070857841696597    -0.138869225856251
1 50
     0.017113965418358     0.096605255972592     0.122729381941946
     0.096605255972592     0.128664106496457    -0.070857841702041
     0.122729381941946    -0.070857841702041    -0.138869225861198
1 51
    -0.033842296956821     0.005172123453956     0.019316095580432
     0.005172123453956     0.019212199260285    -0.009716954599122
     0.019316095580432    -0.009716954599122    -0.007706300347046
1 52
    -0.033842296956828    -0.005172123452918    -0.019316095579695
    -0.005172123452918     0.019212199260580    -0.009716954598468
    -0.019316095579695    -0.009716954598468    -0.007706300346267
1 53
     0.184439177042766    -0.000000000002587    -0.000000000001825
    -0.000000000002587    -0.038661105122551     0.141715683400839
    -0.000000000001825     0.141715683400839    -0.138869225854440
1 54
    -0.077262992210047    -0.043240460650259     0.061151245897267
    -0.043240460650259    -0.027333209014044     0.035305688278850
     0.061151245897267     0.035305688278850    -0.052298100613302
1 55
    -0.026297067405092     0.000000000000035     0.000000000000029
     0.000000000000035    -0.003812533333643     0.003957181076516
     0.000000000000029     0.003957181076516    -0.006610682907259
1 56
    -0.077262992210047     0.043240460652532    -0.061151245895652
     0.043240460652532    -0.027333209016508     0.035305688279721
    -0.061151245895652     0.035305688279721    -0.052298100610837
1 57
     0.010427765508570    -0.020387209027908     0.001242918259522
    -0.020387209027908    -0.025057863203672     0.021586706773498
     0.001242918259522     0.021586706773498    -0.007706300346051
1 58
    -0.009433666851552    -0.009736088848793     0.003427019339733
    -0.009736088848793    -0.020675933886632    -0.001978590538451
     0.003427019339733    -0.001978590538451    -0.006610682907447
1 59
    -0.009433666851549     0.009736088849128    -0.003427019339486
     0.009736088849128    -0.020675933887187    -0.001978590538549
    -0.003427019339486    -0.001978590538549    -0.006610682907309
1 60
     0.010427765508577     0.020387209027680    -0.001242918259670
     0.020387209027680    -0.025057863204834     0.021586706773123
    -0.001242918259670     0.021586706773123    -0.007706300346001
1 61
     0.001469384904120    -0.025559332481219    -0.018073177320455
    -0.025559332481219    -0.016099482599219    -0.011869752174250
    -0.018073177320455    -0.011869752174250    -0.007706300346336
1 62
    -0.002368317418548     0.000000000000035     0.000000000000029
     0.000000000000035    -0.102227883805548    -0.070611376560172
     0.000000000000029    -0.070611376560172    -0.052298100614204
1 63
     0.001469384904135     0.025559332481243     0.018073177320480
     0.025559332481243    -0.016099482600676    -0.011869752175280
     0.018073177320480    -0.011869752175280    -0.007706300347064
1 64
    -0.003005261304488     0.000000000000035     0.000000000000029
     0.000000000000035    -0.003005261304440    -0.000000000000010
     0.000000000000029    -0.000000000000010    -0.003005261304483
1 65
     0.053920944909246     0.063161403414946     0.044661856664921
     0.063161403414946    -0.019011561621759     0.025785534966263
     0.044661856664921     0.025785534966263    -0.037244688252945
1 66
     0.029308946118482     0.000000000000016     0.000000000000007
     0.000000000000016    -0.005707694454777     0.003518370375105
     0.000000000000007     0.003518370375105    -0.008195558005814
1 67
     0.053920944909210    -0.063161403416452    -0.044661856665994
    -0.063161403416452    -0.019011561618158     0.025785534968809
    -0.044661856665994     0.025785534968809    -0.037244688251145
1 68
    -0.192703613354674     0.000000000002708     0.000000000001911
     0.000000000002708    -0.437405782670715    -0.173030563302288
     0.000000000001911    -0.173030563302288    -0.315054698019137
1 69
     0.003046465688472     0.015162650145706     0.003046998124974
     0.015162650145706     0.020554785974379    -0.001759185187583
     0.003046998124974    -0.001759185187583    -0.008195558005982
1 70
     0.003046465688465    -0.015162650145758    -0.003046998125023
    -0.015162650145758     0.020554785975243    -0.001759185187191
    -0.003046998125023    -0.001759185187191    -0.008195558005859
1 71
    -0.006736462264112    -0.015349443222355    -0.004683740750622
    -0.034893316690555     0.061626158403931     0.009166486964165
    -0.018503346210931     0.033102745761447    -0.011028911502941
1 72
    -0.006736462264099     0.015349443222594     0.004683740750772
     0.034893316690791     0.061626158402499     0.009166486963329
     0.018503346211085     0.033102745760610    -0.011028911503408
1 73
    -0.055477814885009     0.000000000000016     0.000000000000007
     0.000000000000016     0.090387198172516    -0.051571069934564
     0.000000000000007    -0.051571069934564    -0.037244688253604
1 74
     0.022779750016438    -0.051934509796479     0.005596540197579
    -0.032390636328278     0.032109946124350    -0.008639481955683
     0.019416145657889    -0.032575740752964    -0.011028911504268
1 75
     0.017017518935868     0.000000000000016     0.000000000000007
     0.000000000000016     0.017017518935592    -0.000000000000009
     0.000000000000007    -0.000000000000009    -0.005063796164229
1 76
     0.022779750016451     0.051934509795863    -0.005596540198028
     0.032390636327665     0.032109946121947    -0.008639481956176
    -0.019416145658342    -0.032575740753457    -0.011028911503764
1 77
    -0.376230240347037     0.105959147502015    -0.149848863443467
     0.105959147502015    -0.253879155684380     0.086515281647467
    -0.149848863443467     0.086515281647467    -0.315054698010887
1 78
     0.066291256457827    -0.007269256372327     0.010280280948134
    -0.026813129840529    -0.011401560317046    -0.000527005006890
     0.037919491868166    -0.000527005007481    -0.011028911504097
1 79
     0.066291256457827     0.007269256370467    -0.010280280949457
     0.026813129838668    -0.011401560318017    -0.000527005007138
    -0.037919491869490    -0.000527005006547    -0.011028911503125
1 80
    -0.376230240347037    -0.105959147491298     0.149848863451037
    -0.105959147491298    -0.253879155678341     0.086515281645332
     0.149848863451037     0.086515281645332    -0.315054698016927
1 81
     0.003046465688472     0.007926954096983     0.013279817610287
     0.007926954096983    -0.006106792475260     0.007667106271652
     0.013279817610287     0.007667106271652     0.018466020444227
1 82
     0.003046465688465    -0.007926954097038    -0.013279817610331
    -0.007926954097038    -0.006106792474808     0.007667106272190
    -0.013279817610331     0.007667106272190     0.018466020444762
1 83
    -0.006736462264112    -0.009532354202049    -0.012910346936669
    -0.029076227670246     0.010327812306358     0.051239449955679
    -0.026729952396983     0.027303191158398     0.040269434595728
1 84
    -0.006736462264099     0.009532354202278     0.012910346936834
     0.029076227670478     0.010327812305258     0.051239449954725
     0.026729952397144     0.027303191157444     0.040269434594930
1 85
    -0.010683421556933     0.000000000000016     0.000000000000007
     0.000000000000016     0.007623094770148    -0.015334212543919
     0.000000000000007    -0.015334212543919     0.018466020444031
1 86
     0.002296642202461    -0.008499102144685    -0.006009772760637
    -0.008499102144685     0.012110560024780    -0.003469743920753
    -0.006009772760637    -0.003469743920753     0.014564039480324
1 87
     0.008366224556868     0.000000000000016     0.000000000000007
     0.000000000000016     0.015769705189744     0.005235051360172
     0.000000000000007     0.005235051360172     0.012067964873516
1 88
     0.002296642202466     0.008499102144653     0.006009772760606
     0.008499102144653     0.012110560024295    -0.003469743921095
     0.006009772760606    -0.003469743921095     0.014564039480082
1 89
    -0.010656262689527    -0.026813129839432     0.037919491868942
    -0.007269256371230     0.014247612731661    -0.036800413396615
     0.010280280948909    -0.036800413396024     0.040269434593310
1 90
     0.013918835031717    -0.003205801152516     0.004533687467768
    -0.003205801152516     0.010217094715077    -0.002617525679951
     0.004533687467768    -0.002617525679951     0.012067964873267
1 91
     0.013918835031717     0.003205801152152    -0.004533687468034
     0.003205801152152     0.010217094714894    -0.002617525679887
    -0.004533687468034    -0.002617525679887     0.012067964873449
1 92
    -0.010656262689527     0.026813129839765    -0.037919491868715
     0.007269256371563     0.014247612730690    -0.036800413395680
    -0.010280280948682    -0.036800413396271     0.040269434594282
1 93
     0.022779750016451     0.012035034564554     0.050829838805654
    -0.007508838903646    -0.019188399974323    -0.014439036559685
     0.037010233345345     0.009497222237596     0.040269434593603
1 94
     0.017017518935868     0.000000000000016     0.000000000000007
     0.000000000000016    -0.002610316708630     0.006939487842035
     0.000000000000007     0.006939487842035     0.014564039480413
1 95
     0.022779750016438    -0.012035034565175    -0.050829838806097
     0.007508838903023    -0.019188399974194    -0.014439036558388
    -0.037010233345783     0.009497222238893     0.040269434595373
1 96
    -0.055477814885009     0.000000000000016     0.000000000000007
     0.000000000000016    -0.055477814884110    -0.000000000000009
     0.000000000000007    -0.000000000000009     0.108620324806140
1 97
    -0.055477814885009     0.000000000000016     0.000000000000007
     0.000000000000016    -0.055477814884110    -0.000000000000009
     0.000000000000007    -0.000000000000009     0.108620324806140
1 98
     0.022779750016438    -0.012035034565175    -0.050829838806097
     0.007508838903023    -0.019188399974194    -0.014439036558388
    -0.037010233345783     0.009497222238893     0.040269434595373
1 99
     0.017017518935868     0.000000000000016     0.000000000000007
     0.000000000000016    -0.002610316708630     0.006939487842035
     0.000000000000007     0.006939487842035     0.014564039480413
1 100
     0.022779750016451     0.012035034564554     0.050829838805654
    -0.007508838903646    -0.019188399974323    -0.014439036559685
     0.037010233345345     0.009497222237596     0.040269434593603
1 101
    -0.010656262689527     0.026813129839765    -0.037919491868715
     0.007269256371563     0.014247612730690    -0.036800413395680
    -0.010280280948682    -0.036800413396271     0.040269434594282
1 102
     0.013918835031717     0.003205801152152    -0.004533687468034
     0.003205801152152     0.010217094714894    -0.002617525679887
    -0.004533687468034    -0.002617525679887     0.012067964873449
1 103
     0.013918835031717    -0.003205801152516     0.004533687467768
    -0.003205801152516     0.010217094715077    -0.002617525679951
     0.004533687467768    -0.002617525679951     0.012067964873267
1 104
    -0.010656262689527    -0.026813129839432     0.037919491868942
    -0.007269256371230     0.014247612731661    -0.036800413396615
     0.010280280948909    -0.036800413396024     0.040269434593310
1 105
     0.002296642202466     0.008499102144653     0.006009772760606
     0.008499102144653     0.012110560024295    -0.003469743921095
     0.006009772760606    -0.003469743921095     0.014564039480082
1 106
     0.008366224556868     0.000000000000016     0.000000000000007
     0.000000000000016     0.015769705189744     0.005235051360172
     0.000000000000007     0.005235051360172     0.012067964873516
1 107
     0.002296642202461    -0.008499102144685    -0.006009772760637
    -0.008499102144685     0.012110560024780    -0.003469743920753
    -0.006009772760637    -0.003469743920753     0.014564039480324
1 108
    -0.010683421556933     0.000000000000016     0.000000000000007
     0.000000000000016     0.007623094770148    -0.015334212543919
     0.000000000000007    -0.015334212543919     0.018466020444031
1 109
    -0.006736462264099     0.009532354202278     0.012910346936834
     0.029076227670478     0.010327812305258     0.051239449954725
     0.026729952397144     0.027303191157444     0.040269434594930
1 110
    -0.006736462264112    -0.009532354202049    -0.012910346936669
    -0.029076227670246     0.010327812306358     0.051239449955679
    -0.026729952396983     0.027303191158398     0.040269434595728
1 111
     0.003046465688465    -0.007926954097038    -0.013279817610331
    -0.007926954097038    -0.006106792474808     0.007667106272190
    -0.013279817610331     0.007667106272190     0.018466020444762
1 112
     0.003046465688472     0.007926954096983     0.013279817610287
     0.007926954096983    -0.006106792475260     0.007667106271652
     0.013279817610287     0.007667106271652     0.018466020444227
1 113
    -0.376230240347037    -0.105959147491298     0.149848863451037
    -0.105959147491298    -0.253879155678341     0.086515281645332
     0.149848863451037     0.086515281645332    -0.315054698016927
1 114
     0.066291256457827     0.007269256370467    -0.010280280949457
     0.026813129838668    -0.011401560318017    -0.000527005007138
    -0.037919491869490    -0.000527005006547    -0.011028911503125
1 115
     0.066291256457827    -0.007269256372327     0.010280280948134
    -0.026813129840529    -0.011401560317046    -0.000527005006890
     0.037919491868166    -0.000527005007481    -0.011028911504097
1 116
    -0.376230240347037     0.105959147502015    -0.149848863443467
     0.105959147502015    -0.253879155684380     0.086515281647467
    -0.149848863443467     0.086515281647467    -0.315054698010887
1 117
     0.022779750016451     0.051934509795863    -0.005596540198028
     0.032390636327665     0.032109946121947    -0.008639481956176
    -0.019416145658342    -0.032575740753457    -0.011028911503764
1 118
     0.017017518935868     0.000000000000016     0.000000000000007
     0.000000000000016     0.017017518935592    -0.000000000000009
     0.000000000000007    -0.000000000000009    -0.005063796164229
1 119
     0.022779750016438    -0.051934509796479     0.005596540197579
    -0.032390636328278     0.032109946124350    -0.008639481955683
     0.019416145657889    -0.032575740752964    -0.011028911504268
1 120
    -0.055477814885009     0.000000000000016     0.000000000000007
     0.000000000000016     0.090387198172516    -0.051571069934564
     0.000000000000007    -0.051571069934564    -0.037244688253604
1 121
    -0.006736462264099     0.015349443222594     0.004683740750772
     0.034893316690791     0.061626158402499     0.009166486963329
     0.018503346211085     0.033102745760610    -0.011028911503408
1 122
    -0.006736462264112    -0.015349443222355    -0.004683740750622
    -0.034893316690555     0.061626158403931     0.009166486964165
    -0.018503346210931     0.033102745761447    -0.011028911502941
1 123
     0.003046465688465    -0.015162650145758    -0.003046998125023
    -0.015162650145758     0.020554785975243    -0.001759185187191
    -0.003046998125023    -0.001759185187191    -0.008195558005859
1 124
     0.003046465688472     0.015162650145706     0.003046998124974
     0.015162650145706     0.020554785974379    -0.001759185187583
     0.003046998124974    -0.001759185187583    -0.008195558005982
1 125
    -0.192703613354674     0.000000000002708     0.000000000001911
     0.000000000002708    -0.437405782670715    -0.173030563302288
     0.000000000001911    -0.173030563302288    -0.315054698019137
1 126
     0.053920944909210    -0.063161403416452    -0.044661856665994
    -0.063161403416452    -0.019011561618158     0.025785534968809
    -0.044661856665994     0.025785534968809    -0.037244688251145
1 127
     0.029308946118482     0.000000000000016     0.000000000000007
     0.000000000000016    -0.005707694454777     0.003518370375105
     0.000000000000007     0.003518370375105    -0.008195558005814
1 128
     0.053920944909246     0.063161403414946     0.044661856664921
     0.063161403414946    -0.019011561621759     0.025785534966263
     0.044661856664921     0.025785534966263    -0.037244688252945
2 1
    -0.239077346591963     0.000000000003448     0.000000000002442
     0.000000000003448     0.102511069420098    -0.057931920467063
     0.000000000002442    -0.057931920467063     0.143475123230818
2 2
     2.020401629850000    -0.000000000028563    -0.000000000020193
    -0.000000000028563     2.020401629817267     0.000000000020212
    -0.000000000020193     0.000000000020212     2.020401629846156
2 3
    -0.239077346591963     0.000000000003448     0.000000000002442
     0.000000000003448     0.102511069420098    -0.057931920467063
     0.000000000002442    -0.057931920467063     0.143475123230818
2 4
    -0.051940991764746     0.000000000000035     0.000000000000029
     0.000000000000035     0.012166308085551    -0.018085711396249
     0.000000000000029    -0.018085711396249     0.024954837256399
2 5
     0.017113965418358     0.147912122951759     0.050170514817140
     0.147912122951759    -0.153680242590264     0.028965960230265
     0.050170514817140     0.028965960230265     0.143475123231559
2 6
     0.017113965418288    -0.147912122952201    -0.050170514817401
    -0.147912122952201    -0.153680242581833     0.028965960234675
    -0.050170514817401     0.028965960234675     0.143475123233581
2 7
    -0.033842296956828    -0.019935430711397     0.001562373770727
    -0.019935430711397    -0.010822844380025     0.000902036917056
     0.001562373770727     0.000902036917056     0.022328743294980
2 8
    -0.033842296956821     0.019935430712431    -0.001562373769983
     0.019935430712431    -0.010822844381162     0.000902036916699
    -0.001562373769983     0.000902036916699     0.022328743295043
2 9
     0.000686881907259     0.000000000000035     0.000000000000029
     0.000000000000035    -0.045352023244117    -0.001804073834464
     0.000000000000029    -0.001804073834464     0.022328743294957
2 10
    -0.003860516876885    -0.027759275118963    -0.015662685515098
    -0.027759275118963    -0.035914166800752     0.009042855698309
    -0.015662685515098     0.009042855698309     0.024954837257261
2 11
     0.000686881907259     0.000000000000035     0.000000000000029
     0.000000000000035    -0.045352023244117    -0.001804073834464
     0.000000000000029    -0.001804073834464     0.022328743294957
2 12
    -0.003860516876870     0.027759275119138     0.015662685515239
     0.027759275119138    -0.035914166802334     0.009042855697304
     0.015662685515239     0.009042855697304     0.024954837256630
2 13
    -0.033842296956828    -0.019935430711397     0.001562373770727
    -0.019935430711397    -0.010822844380025     0.000902036917056
     0.001562373770727     0.000902036917056     0.022328743294980
2 14
     0.017113965418288    -0.147912122952201    -0.050170514817401
    -0.147912122952201    -0.153680242581833     0.028965960234675
    -0.050170514817401     0.028965960234675     0.143475123233581
2 15
     0.017113965418358     0.147912122951759     0.050170514817140
     0.147912122951759    -0.153680242590264     0.028965960230265
     0.050170514817140     0.028965960230265     0.143475123231559
2 16
    -0.033842296956821     0.019935430712431    -0.001562373769983
     0.019935430712431    -0.010822844381162     0.000902036916699
    -0.001562373769983     0.000902036916699     0.022328743295043
2 17
     0.017113965418358     0.096605255972592     0.122729381941946
     0.096605255972592     0.128664106496457    -0.070857841702041
     0.122729381941946    -0.070857841702041    -0.138869225861198
2 18
     0.017113965418288    -0.096605255972993    -0.122729381942264
    -0.096605255972993     0.128664106501963    -0.070857841696597
    -0.122729381942264    -0.070857841696597    -0.138869225856251
2 19
    -0.033842296956828    -0.005172123452918    -0.019316095579695
    -0.005172123452918     0.019212199260580    -0.009716954598468
    -0.019316095579695    -0.009716954598468    -0.007706300346267
2 20
    -0.033842296956821     0.005172123453956     0.019316095580432
     0.005172123453956     0.019212199260285    -0.009716954599122
     0.019316095580432    -0.009716954599122    -0.007706300347046
2 21
    -0.002368317418548     0.000000000000035     0.000000000000029
     0.000000000000035    -0.102227883805548    -0.070611376560172
     0.000000000000029    -0.070611376560172    -0.052298100614204
2 22
     0.001469384904120    -0.025559332481219    -0.018073177320455
    -0.025559332481219    -0.016099482599219    -0.011869752174250
    -0.018073177320455    -0.011869752174250    -0.007706300346336
2 23
    -0.003005261304488     0.000000000000035     0.000000000000029
     0.000000000000035    -0.003005261304440    -0.000000000000010
     0.000000000000029    -0.000000000000010    -0.003005261304483
2 24
     0.001469384904135     0.025559332481243     0.018073177320480
     0.025559332481243    -0.016099482600676    -0.011869752175280
     0.018073177320480    -0.011869752175280    -0.007706300347064
2 25
    -0.009433666851552    -0.009736088848793     0.003427019339733
    -0.009736088848793    -0.020675933886632    -0.001978590538451
     0.003427019339733    -0.001978590538451    -0.006610682907447
2 26
     0.010427765508570    -0.020387209027908     0.001242918259522
    -0.020387209027908    -0.025057863203672     0.021586706773498
     0.001242918259522     0.021586706773498    -0.007706300346051
2 27
     0.010427765508577     0.020387209027680    -0.001242918259670
     0.020387209027680    -0.025057863204834     0.021586706773123
    -0.001242918259670     0.021586706773123    -0.007706300346001
2 28
    -0.009433666851549     0.009736088849128    -0.003427019339486
     0.009736088849128    -0.020675933887187    -0.001978590538549
    -0.003427019339486    -0.001978590538549    -0.006610682907309
2 29
    -0.077262992210047    -0.043240460650259     0.061151245897267
    -0.043240460650259    -0.027333209014044     0.035305688278850
     0.061151245897267     0.035305688278850    -0.052298100613302
2 30
     0.184439177042766    -0.000000000002587    -0.000000000001825
    -0.000000000002587    -0.038661105122551     0.141715683400839
    -0.000000000001825     0.141715683400839    -0.138869225854440
2 31
    -0.077262992210047     0.043240460652532    -0.061151245895652
     0.043240460652532    -0.027333209016508     0.035305688279721
    -0.061151245895652     0.035305688279721    -0.052298100610837
2 32
    -0.026297067405092     0.000000000000035     0.000000000000029
     0.000000000000035    -0.003812533333643     0.003957181076516
     0.000000000000029     0.003957181076516    -0.006610682907259
2 33
     0.000686881907259     0.000000000000035     0.000000000000029
     0.000000000000035     0.013674726708793    -0.022673181415566
     0.000000000000029    -0.022673181415566    -0.036698006659216
2 34
    -0.003860516876885    -0.024020013225045    -0.020950800398741
    -0.024020013225045     0.023875405326591    -0.012095950248977
    -0.020950800398741    -0.012095950248977    -0.034834734871359
2 35
     0.000686881907259     0.000000000000035     0.000000000000029
     0.000000000000035     0.013674726708793    -0.022673181415566
     0.000000000000029    -0.022673181415566    -0.036698006659216
2 36
    -0.003860516876870     0.024020013225229     0.020950800398870
     0.024020013225229     0.023875405325221    -0.012095950250058
     0.020950800398870    -0.012095950250058    -0.034834734872204
2 37
    -0.009433666851552    -0.000014338130354    -0.010321612376292
    -0.000014338130354    -0.009417110604362    -0.005959185683902
    -0.010321612376292    -0.005959185683902    -0.017869506189958
2 38
     0.010427765508570    -0.005623901769429    -0.019635551090900
    -0.005623901769429     0.003933843107792     0.011336590708217
    -0.019635551090900     0.011336590708217    -0.036698006658134
2 39
     0.010427765508577     0.005623901769205     0.019635551090745
     0.005623901769205     0.003933843107472     0.011336590707544
     0.019635551090745     0.011336590707544    -0.036698006658926
2 40
    -0.009433666851549     0.000014338130692     0.010321612376537
     0.000014338130692    -0.009417110604363    -0.005959185684196
     0.010321612376537    -0.005959185684196    -0.017869506190374
2 41
    -0.009408832480998     0.000000000000035     0.000000000000029
     0.000000000000035    -0.009441944974917     0.011918371367787
     0.000000000000029     0.011918371367787    -0.017869506189806
2 42
     0.037743366427875     0.000000000000035     0.000000000000029
     0.000000000000035    -0.017728477978178     0.024191900499315
     0.000000000000029     0.024191900499315    -0.034834734871050
2 43
    -0.009408832480998     0.000000000000035     0.000000000000029
     0.000000000000035    -0.009441944974917     0.011918371367787
     0.000000000000029     0.011918371367787    -0.017869506189806
2 44
    -0.038643693558572     0.000000000000035     0.000000000000029
     0.000000000000035    -0.038643693557946    -0.000000000000010
     0.000000000000029    -0.000000000000010    -0.038643693558499
2 45
     0.010427765508577     0.005623901769205     0.019635551090745
     0.005623901769205     0.003933843107472     0.011336590707544
     0.019635551090745     0.011336590707544    -0.036698006658926
2 46
     0.010427765508570    -0.005623901769429    -0.019635551090900
    -0.005623901769429     0.003933843107792     0.011336590708217
    -0.019635551090900     0.011336590708217    -0.036698006658134
2 47
    -0.009433666851552    -0.000014338130354    -0.010321612376292
    -0.000014338130354    -0.009417110604362    -0.005959185683902
    -0.010321612376292    -0.005959185683902    -0.017869506189958
2 48
    -0.009433666851549     0.000014338130692     0.010321612376537
     0.000014338130692    -0.009417110604363    -0.005959185684196
     0.010321612376537    -0.005959185684196    -0.017869506190374
2 49
    -0.033842296956828    -0.005172123452918    -0.019316095579695
    -0.005172123452918     0.019212199260580    -0.009716954598468
    -0.019316095579695    -0.009716954598468    -0.007706300346267
2 50
     0.017113965418288    -0.096605255972993    -0.122729381942264
    -0.096605255972993     0.128664106501963    -0.070857841696597
    -0.122729381942264    -0.070857841696597    -0.138869225856251
2 51
     0.017113965418358     0.096605255972592     0.122729381941946
     0.096605255972592     0.128664106496457    -0.070857841702041
     0.122729381941946    -0.070857841702041    -0.138869225861198
2 52
    -0.033842296956821     0.005172123453956     0.019316095580432
     0.005172123453956     0.019212199260285    -0.009716954599122
     0.019316095580432    -0.009716954599122    -0.007706300347046
2 53
    -0.077262992210047     0.043240460652532    -0.061151245895652
     0.043240460652532    -0.027333209016508     0.035305688279721
    -0.061151245895652     0.035305688279721    -0.052298100610837
2 54
     0.184439177042766    -0.000000000002587    -0.000000000001825
    -0.000000000002587    -0.038661105122551     0.141715683400839
    -0.000000000001825     0.141715683400839    -0.138869225854440
2 55
    -0.077262992210047    -0.043240460650259     0.061151245897267
    -0.043240460650259    -0.027333209014044     0.035305688278850
     0.061151245897267     0.035305688278850    -0.052298100613302
2 56
    -0.026297067405092     0.000000000000035     0.000000000000029
     0.000000000000035    -0.003812533333643     0.003957181076516
     0.000000000000029     0.003957181076516    -0.006610682907259
2 57
     0.010427765508577     0.020387209027680    -0.001242918259670
     0.020387209027680    -0.025057863204834     0.021586706773123
    -0.001242918259670     0.021586706773123    -0.007706300346001
2 58
     0.010427765508570    -0.020387209027908     0.001242918259522
    -0.020387209027908    -0.025057863203672     0.021586706773498
     0.001242918259522     0.021586706773498    -0.007706300346051
2 59
    -0.009433666851552    -0.009736088848793     0.003427019339733
    -0.009736088848793    -0.020675933886632    -0.001978590538451
     0.003427019339733    -0.001978590538451    -0.006610682907447
2 60
    -0.009433666851549     0.009736088849128    -0.003427019339486
     0.009736088849128    -0.020675933887187    -0.001978590538549
    -0.003427019339486    -0.001978590538549    -0.006610682907309
2 61
    -0.003005261304488     0.000000000000035     0.000000000000029
     0.000000000000035    -0.003005261304440    -0.000000000000010
     0.000000000000029    -0.000000000000010    -0.003005261304483
2 62
     0.001469384904120    -0.025559332481219    -0.018073177320455
    -0.025559332481219    -0.016099482599219    -0.011869752174250
    -0.018073177320455    -0.011869752174250    -0.007706300346336
2 63
    -0.002368317418548     0.000000000000035     0.000000000000029
     0.000000000000035    -0.102227883805548    -0.070611376560172
     0.000000000000029    -0.070611376560172    -0.052298100614204
2 64
     0.001469384904135     0.025559332481243     0.018073177320480
     0.025559332481243    -0.016099482600676    -0.011869752175280
     0.018073177320480    -0.011869752175280    -0.007706300347064
2 65
    -0.192703613354674     0.000000000002708     0.000000000001911
     0.000000000002708    -0.437405782670715    -0.173030563302288
     0.000000000001911    -0.173030563302288    -0.315054698019137
2 66
     0.053920944909246     0.063161403414946     0.044661856664921
     0.063161403414946    -0.019011561621759     0.025785534966263
     0.044661856664921     0.025785534966263    -0.037244688252945
2 67
