 128  128
1 1
     1.978064382947301    -0.000000000027965    -0.000000000019769
    -0.000000000027965     1.978064382915253     0.000000000019788
    -0.000000000019769     0.000000000019788     1.978064382943538
1 2
    -0.240198395123385     0.000000000003463     0.000000000002455
     0.000000000003463     0.103820164668177    -0.058680122521620
     0.000000000002455    -0.058680122521620     0.145313277225388
1 3
    -0.047828923913993     0.000000000000034     0.000000000000030
     0.000000000000034     0.009225701953854    -0.018609064468499
     0.000000000000030    -0.018609064468499     0.022384297630973
1 4
    -0.240198395123385     0.000000000003463     0.000000000002455
     0.000000000003463     0.103820164668177    -0.058680122521620
     0.000000000002455    -0.058680122521620     0.145313277225388
1 5
     0.017815524721507    -0.148964406076161    -0.050818476803844
    -0.148964406076161    -0.154193755168336     0.029340061261974
    -0.050818476803844     0.029340061261974     0.145313277228186
1 6
    -0.035480312870277    -0.021771041282923     0.001692980566335
    -0.021771041282923    -0.010341279778191     0.000977442785679
     0.001692980566335     0.000977442785679     0.021111744981085
1 7
    -0.035480312870269     0.021771041284001    -0.001692980565556
     0.021771041284001    -0.010341279779432     0.000977442785289
    -0.001692980565556     0.000977442785289     0.021111744981154
1 8
     0.017815524721577     0.148964406075697     0.050818476803571
     0.148964406075697    -0.154193755176828     0.029340061257524
     0.050818476803571     0.029340061257524     0.145313277226137
1 9
    -0.005037954513005    -0.024705377702245    -0.016115922570749
    -0.024705377702245    -0.033565267445748     0.009304532234418
    -0.016115922570749     0.009304532234418     0.022384297631860
1 10
     0.002228236766668     0.000000000000034     0.000000000000030
     0.000000000000034    -0.048049829415141    -0.001954885571697
     0.000000000000030    -0.001954885571697     0.021111744981060
1 11
    -0.005037954512991     0.024705377702452     0.016115922570916
     0.024705377702452    -0.033565267447156     0.009304532233461
     0.016115922570916     0.009304532233461     0.022384297631210
1 12
     0.002228236766668     0.000000000000034     0.000000000000030
     0.000000000000034    -0.048049829415141    -0.001954885571697
     0.000000000000030    -0.001954885571697     0.021111744981060
1 13
     0.017815524721507    -0.148964406076161    -0.050818476803844
    -0.148964406076161    -0.154193755168336     0.029340061261974
    -0.050818476803844     0.029340061261974     0.145313277228186
1 14
     0.017815524721577     0.148964406075697     0.050818476803571
     0.148964406075697    -0.154193755176828     0.029340061257524
     0.050818476803571     0.029340061257524     0.145313277226137
1 15
    -0.035480312870269     0.021771041284001    -0.001692980565556
     0.021771041284001    -0.010341279779432     0.000977442785289
    -0.001692980565556     0.000977442785289     0.021111744981154
1 16
    -0.035480312870277    -0.021771041282923     0.001692980566335
    -0.021771041282923    -0.010341279778191     0.000977442785679
     0.001692980566335     0.000977442785679     0.021111744981085
1 17
     0.017815524721507    -0.097566921433720    -0.123505496657042
    -0.097566921433720     0.130476101430419    -0.071305931736044
    -0.123505496657042    -0.071305931736044    -0.139356579376655
1 18
    -0.035480312870277    -0.005660856375620    -0.021090261421910
    -0.005660856375620     0.018231325716039    -0.009124498764672
    -0.021090261421910    -0.009124498764672    -0.007460860513756
1 19
    -0.035480312870269     0.005660856376702     0.021090261422683
     0.005660856376702     0.018231325715717    -0.009124498765387
     0.021090261422683    -0.009124498765387    -0.007460860514606
1 20
     0.017815524721577     0.097566921433297     0.123505496656711
     0.097566921433297     0.130476101424857    -0.071305931741530
     0.123505496656711    -0.071305931741530    -0.139356579381633
1 21
    -0.000099029359418    -0.026088249935233    -0.018447178438883
    -0.026088249935233    -0.017149957793667    -0.013702452781022
    -0.018447178438883    -0.013702452781022    -0.007460860513902
1 22
    -0.003652119885928     0.000000000000034     0.000000000000030
     0.000000000000034    -0.003652119885869    -0.000000000000010
     0.000000000000030    -0.000000000000010    -0.003652119885921
1 23
    -0.000099029359403     0.026088249935300     0.018447178438942
     0.026088249935300    -0.017149957795154    -0.013702452782073
     0.018447178438942    -0.013702452782073    -0.007460860514645
1 24
    -0.001496661842226     0.000000000000034     0.000000000000030
     0.000000000000034    -0.103630346468181    -0.072219420988172
     0.000000000000030    -0.072219420988172    -0.052563504157403
1 25
     0.009705861498529    -0.020427393559211     0.002643082983318
    -0.020427393559211    -0.026954848651617     0.022826951546454
     0.002643082983318     0.022826951546454    -0.007460860513591
1 26
     0.009705861498536     0.020427393559001    -0.002643082983450
     0.020427393559001    -0.026954848652782     0.022826951546118
    -0.002643082983450     0.022826951546118    -0.007460860513484
1 27
    -0.009268354169321     0.009520851893182    -0.002699057340527
     0.009520851893182    -0.020262086976051    -0.001558301482497
    -0.002699057340527    -0.001558301482497    -0.005975258856344
1 28
    -0.009268354169324    -0.009520851892853     0.002699057340773
    -0.009520851892853    -0.020262086975508    -0.001558301482382
     0.002699057340773    -0.001558301482382    -0.005975258856453
1 29
     0.186806389783843    -0.000000000002622    -0.000000000001848
    -0.000000000002622    -0.038514763631954     0.142611863479812
    -0.000000000001848     0.142611863479812    -0.139356579374833
1 30
    -0.078096925312958     0.044225182735617    -0.062543853220694
     0.044225182735617    -0.027030082999964     0.036109710493727
    -0.062543853220694     0.036109710493727    -0.052563504153959
1 31
    -0.025758953379500     0.000000000000034     0.000000000000030
     0.000000000000034    -0.003771487765869     0.003116602964402
     0.000000000000030     0.003116602964402    -0.005975258856305
1 32
    -0.078096925312958    -0.044225182733323     0.062543853222328
    -0.044225182733323    -0.027030082997443     0.036109710492836
     0.062543853222328     0.036109710492836    -0.052563504156480
1 33
    -0.005037954513005    -0.023429363413548    -0.017920479283605
    -0.023429363413548     0.022015944035166    -0.010346393537516
    -0.017920479283605    -0.010346393537516    -0.033196913850242
1 34
     0.002228236766668     0.000000000000034     0.000000000000030
     0.000000000000034     0.012198403075626    -0.023255852445599
     0.000000000000030    -0.023255852445599    -0.039136487510995
1 35
    -0.005037954512991     0.023429363413763     0.017920479283761
     0.023429363413763     0.022015944033831    -0.010346393538499
     0.017920479283761    -0.010346393538499    -0.033196913850965
1 36
     0.002228236766668     0.000000000000034     0.000000000000030
     0.000000000000034     0.012198403075626    -0.023255852445599
     0.000000000000030    -0.023255852445599    -0.039136487510995
1 37
     0.009705861498529    -0.004317208651907    -0.020140159004927
    -0.004317208651907     0.004720778344001     0.011627926223227
    -0.020140159004927     0.011627926223227    -0.039136487509886
1 38
     0.009705861498536     0.004317208651702     0.020140159004789
     0.004317208651702     0.004720778343755     0.011627926222566
     0.020140159004789     0.011627926222566    -0.039136487510697
1 39
    -0.009268354169321     0.000628921633252     0.009876031028741
     0.000628921633252    -0.008542138020871    -0.005701929173091
     0.009876031028741    -0.005701929173091    -0.017695207811774
1 40
    -0.009268354169324    -0.000628921632921    -0.009876031028497
    -0.000628921632921    -0.008542138020836    -0.005701929172797
    -0.009876031028497    -0.005701929172797    -0.017695207811376
1 41
     0.035542893308780     0.000000000000034     0.000000000000030
     0.000000000000034    -0.018564903786626     0.020692787076248
     0.000000000000030     0.020692787076248    -0.033196913849978
1 42
    -0.008179029946828     0.000000000000034     0.000000000000030
     0.000000000000034    -0.009631462243333     0.011403858345591
     0.000000000000030     0.011403858345591    -0.017695207811230
1 43
    -0.041734608117444     0.000000000000034     0.000000000000030
     0.000000000000034    -0.041734608116768    -0.000000000000010
     0.000000000000030    -0.000000000000010    -0.041734608117364
1 44
    -0.008179029946828     0.000000000000034     0.000000000000030
     0.000000000000034    -0.009631462243333     0.011403858345591
     0.000000000000030     0.011403858345591    -0.017695207811230
1 45
     0.009705861498529    -0.004317208651907    -0.020140159004927
    -0.004317208651907     0.004720778344001     0.011627926223227
    -0.020140159004927     0.011627926223227    -0.039136487509886
1 46
    -0.009268354169324    -0.000628921632921    -0.009876031028497
    -0.000628921632921    -0.008542138020836    -0.005701929172797
    -0.009876031028497    -0.005701929172797    -0.017695207811376
1 47
    -0.009268354169321     0.000628921633252     0.009876031028741
     0.000628921633252    -0.008542138020871    -0.005701929173091
     0.009876031028741    -0.005701929173091    -0.017695207811774
1 48
     0.009705861498536     0.004317208651702     0.020140159004789
     0.004317208651702     0.004720778343755     0.011627926222566
     0.020140159004789     0.011627926222566    -0.039136487510697
1 49
     0.017815524721506    -0.097566921433720    -0.123505496657042
    -0.097566921433720     0.130476101430419    -0.071305931736044
    -0.123505496657042    -0.071305931736044    -0.139356579376655
1 50
     0.017815524721577     0.097566921433297     0.123505496656711
     0.097566921433297     0.130476101424857    -0.071305931741530
     0.123505496656711    -0.071305931741530    -0.139356579381633
1 51
    -0.035480312870269     0.005660856376702     0.021090261422683
     0.005660856376702     0.018231325715717    -0.009124498765387
     0.021090261422683    -0.009124498765387    -0.007460860514606
1 52
    -0.035480312870277    -0.005660856375620    -0.021090261421910
    -0.005660856375620     0.018231325716039    -0.009124498764672
    -0.021090261421910    -0.009124498764672    -0.007460860513756
1 53
     0.186806389783843    -0.000000000002622    -0.000000000001848
    -0.000000000002622    -0.038514763631954     0.142611863479812
    -0.000000000001848     0.142611863479812    -0.139356579374833
1 54
    -0.078096925312958    -0.044225182733323     0.062543853222328
    -0.044225182733323    -0.027030082997443     0.036109710492836
     0.062543853222328     0.036109710492836    -0.052563504156480
1 55
    -0.025758953379500     0.000000000000034     0.000000000000030
     0.000000000000034    -0.003771487765869     0.003116602964402
     0.000000000000030     0.003116602964402    -0.005975258856305
1 56
    -0.078096925312958     0.044225182735617    -0.062543853220694
     0.044225182735617    -0.027030082999964     0.036109710493727
    -0.062543853220694     0.036109710493727    -0.052563504153959
1 57
     0.009705861498529    -0.020427393559211     0.002643082983318
    -0.020427393559211    -0.026954848651617     0.022826951546454
     0.002643082983318     0.022826951546454    -0.007460860513591
1 58
    -0.009268354169324    -0.009520851892853     0.002699057340773
    -0.009520851892853    -0.020262086975508    -0.001558301482382
     0.002699057340773    -0.001558301482382    -0.005975258856453
1 59
    -0.009268354169321     0.009520851893182    -0.002699057340527
     0.009520851893182    -0.020262086976051    -0.001558301482497
    -0.002699057340527    -0.001558301482497    -0.005975258856344
1 60
     0.009705861498536     0.020427393559001    -0.002643082983450
     0.020427393559001    -0.026954848652782     0.022826951546118
    -0.002643082983450     0.022826951546118    -0.007460860513484
1 61
    -0.000099029359418    -0.026088249935233    -0.018447178438883
    -0.026088249935233    -0.017149957793667    -0.013702452781022
    -0.018447178438883    -0.013702452781022    -0.007460860513902
1 62
    -0.001496661842226     0.000000000000034     0.000000000000030
     0.000000000000034    -0.103630346468181    -0.072219420988172
     0.000000000000030    -0.072219420988172    -0.052563504157403
1 63
    -0.000099029359403     0.026088249935300     0.018447178438942
     0.026088249935300    -0.017149957795154    -0.013702452782073
     0.018447178438942    -0.013702452782073    -0.007460860514645
1 64
    -0.003652119885928     0.000000000000034     0.000000000000030
     0.000000000000034    -0.003652119885869    -0.000000000000010
     0.000000000000030    -0.000000000000010    -0.003652119885921
1 65
     0.056286042404447     0.064434147698925     0.045561822778857
     0.064434147698925    -0.018116102636590     0.026305130644392
     0.045561822778857     0.026305130644392    -0.036716638895230
1 66
     0.028273641760346     0.000000000000015     0.000000000000005
     0.000000000000015    -0.006286884746523     0.002981693382764
     0.000000000000005     0.002981693382764    -0.008395260356990
1 67
     0.056286042404410    -0.064434147700500    -0.045561822779982
    -0.064434147700500    -0.018116102632917     0.026305130646989
    -0.045561822779982     0.026305130646989    -0.036716638893394
1 68
    -0.201538153276748     0.000000000002836     0.000000000002000
     0.000000000002836    -0.421014623916081    -0.155193300707627
     0.000000000002000    -0.155193300707627    -0.311276388602371
1 69
     0.002353246880121     0.014965146961463     0.002582222215984
     0.014965146961463     0.019633510132859    -0.001490846691417
     0.002582222215984    -0.001490846691417    -0.008395260357132
1 70
     0.002353246880115    -0.014965146961497    -0.002582222216023
    -0.014965146961497     0.019633510133712    -0.001490846691041
    -0.002582222216023    -0.001490846691041    -0.008395260357028
1 71
    -0.006340879544274    -0.015476620073570    -0.005406480044173
    -0.034324072585034     0.063677217849897     0.010668910588578
    -0.018733641523403     0.033752231390767    -0.009939437520366
1 72
    -0.006340879544261     0.015476620073797     0.005406480044311
     0.034324072585258     0.063677217848478     0.010668910587733
     0.018733641523545     0.033752231389921    -0.009939437520853
1 73
    -0.055317175154780     0.000000000000015     0.000000000000005
     0.000000000000015     0.093487114922657    -0.052610261290825
     0.000000000000005    -0.052610261290825    -0.036716638895902
1 74
     0.024608361017114    -0.052192624954670     0.006536307576760
    -0.033345172443206     0.032727977289525    -0.010016604356392
     0.019863469055990    -0.033099925158581    -0.009939437521757
1 75
     0.017121553409934     0.000000000000015     0.000000000000005
     0.000000000000015     0.017121553409656    -0.000000000000009
     0.000000000000005    -0.000000000000009    -0.003699534761266
1 76
     0.024608361017127     0.052192624954000    -0.006536307577250
     0.033345172442539     0.032727977287087    -0.010016604356877
    -0.019863469056485    -0.033099925159066    -0.009939437521225
1 77
    -0.366145506261379     0.095036099560721    -0.134401340902749
     0.095036099560721    -0.256407270936857     0.077596650350083
    -0.134401340902749     0.077596650350083    -0.311276388594971
1 78
     0.067737025986079    -0.008444826114408     0.011942787620853
    -0.027292278625873    -0.010400687679446    -0.000652306230576
     0.038597110578748    -0.000652306231146    -0.009939437521579
1 79
     0.067737025986079     0.008444826112505    -0.011942787622211
     0.027292278623970    -0.010400687680465    -0.000652306230785
    -0.038597110580105    -0.000652306230216    -0.009939437520561
1 80
    -0.366145506261379    -0.095036099550295     0.134401340910110
    -0.095036099550295    -0.256407270931439     0.077596650348168
     0.134401340910110     0.077596650348168    -0.311276388600388
1 81
     0.002353246880121     0.007422924772936     0.013248535125428
     0.007422924772936    -0.006218008351744     0.007649045320602
     0.013248535125428     0.007649045320602     0.017456258128024
1 82
     0.002353246880115    -0.007422924772974    -0.013248535125463
    -0.007422924772974    -0.006218008351321     0.007649045321129
    -0.013248535125463     0.007649045321129     0.017456258128558
1 83
    -0.006340879544274    -0.010256151626446    -0.012789337324036
    -0.029103604137907     0.012200408951843     0.051952031713204
    -0.026116498803270     0.028868710911015     0.041537371378789
1 84
    -0.006340879544261     0.010256151626663     0.012789337324188
     0.029103604138127     0.012200408950721     0.051952031712253
     0.026116498803418     0.028868710910064     0.041537371378005
1 85
    -0.010503635967507     0.000000000000015     0.000000000000005
     0.000000000000015     0.006638874495888    -0.015298090641822
     0.000000000000005    -0.015298090641822     0.017456258127828
1 86
     0.003240827962460    -0.008014040573610    -0.005666782434431
    -0.008014040573610     0.012494644927470    -0.003271718363592
    -0.005666782434431    -0.003271718363592     0.014808099168708
1 87
     0.008365688077483     0.000000000000015     0.000000000000005
     0.000000000000015     0.015483270922118     0.005032891095377
     0.000000000000005     0.005032891095377     0.011924479500005
1 88
     0.003240827962465     0.008014040573549     0.005666782434376
     0.008014040573549     0.012494644927013    -0.003271718363915
     0.005666782434376    -0.003271718363915     0.014808099168480
1 89
    -0.009478187362027    -0.027292278624773     0.038597110579526
    -0.008444826113308     0.015337716769510    -0.037051906876701
     0.011942787621631    -0.037051906876132     0.041537371376327
1 90
     0.013703875211148    -0.003082003778761     0.004358611542822
    -0.003082003778761     0.010145083788628    -0.002516445547555
     0.004358611542822    -0.002516445547555     0.011924479499765
1 91
     0.013703875211148     0.003082003778402    -0.004358611543088
     0.003082003778402     0.010145083788453    -0.002516445547492
    -0.004358611543088    -0.002516445547492     0.011924479499941
1 92
    -0.009478187362027     0.027292278625070    -0.038597110579327
     0.008444826113606     0.015337716768492    -0.037051906875772
    -0.011942787621433    -0.037051906876341     0.041537371377345
1 93
     0.024608361017127     0.011235051768491     0.051386447903581
    -0.007612400742973    -0.018748831609651    -0.014900124837095
     0.038059286424351     0.008183195965094     0.041537371376614
1 94
     0.017121553409934     0.000000000000015     0.000000000000005
     0.000000000000015    -0.001386080520006     0.006543436727713
     0.000000000000005     0.006543436727713     0.014808099168792
1 95
     0.024608361017114    -0.011235051769165    -0.051386447904065
     0.007612400742296    -0.018748831609548    -0.014900124835784
    -0.038059286424831     0.008183195966405     0.041537371378416
1 96
    -0.055317175154780     0.000000000000015     0.000000000000005
     0.000000000000015    -0.055317175153884    -0.000000000000009
     0.000000000000005    -0.000000000000009     0.112087651183820
1 97
    -0.055317175154780     0.000000000000015     0.000000000000005
     0.000000000000015    -0.055317175153884    -0.000000000000009
     0.000000000000005    -0.000000000000009     0.112087651183820
1 98
     0.024608361017114    -0.011235051769165    -0.051386447904065
     0.007612400742296    -0.018748831609548    -0.014900124835784
    -0.038059286424831     0.008183195966405     0.041537371378416
1 99
     0.017121553409934     0.000000000000015     0.000000000000005
     0.000000000000015    -0.001386080520006     0.006543436727713
     0.000000000000005     0.006543436727713     0.014808099168792
1 100
     0.024608361017127     0.011235051768491     0.051386447903581
    -0.007612400742973    -0.018748831609651    -0.014900124837095
     0.038059286424351     0.008183195965094     0.041537371376614
1 101
    -0.009478187362027     0.027292278625070    -0.038597110579327
     0.008444826113606     0.015337716768492    -0.037051906875772
    -0.011942787621433    -0.037051906876341     0.041537371377345
1 102
     0.013703875211148     0.003082003778402    -0.004358611543088
     0.003082003778402     0.010145083788453    -0.002516445547492
    -0.004358611543088    -0.002516445547492     0.011924479499941
1 103
     0.013703875211148    -0.003082003778761     0.004358611542822
    -0.003082003778761     0.010145083788628    -0.002516445547555
     0.004358611542822    -0.002516445547555     0.011924479499765
1 104
    -0.009478187362027    -0.027292278624773     0.038597110579526
    -0.008444826113308     0.015337716769510    -0.037051906876701
     0.011942787621631    -0.037051906876132     0.041537371376327
1 105
     0.003240827962465     0.008014040573549     0.005666782434376
     0.008014040573549     0.012494644927013    -0.003271718363915
     0.005666782434376    -0.003271718363915     0.014808099168480
1 106
     0.008365688077483     0.000000000000015     0.000000000000005
     0.000000000000015     0.015483270922118     0.005032891095377
     0.000000000000005     0.005032891095377     0.011924479500005
1 107
     0.003240827962460    -0.008014040573610    -0.005666782434431
    -0.008014040573610     0.012494644927470    -0.003271718363592
    -0.005666782434431    -0.003271718363592     0.014808099168708
1 108
    -0.010503635967507     0.000000000000015     0.000000000000005
     0.000000000000015     0.006638874495888    -0.015298090641822
     0.000000000000005    -0.015298090641822     0.017456258127828
1 109
    -0.006340879544261     0.010256151626663     0.012789337324188
     0.029103604138127     0.012200408950721     0.051952031712253
     0.026116498803418     0.028868710910064     0.041537371378005
1 110
    -0.006340879544274    -0.010256151626446    -0.012789337324036
    -0.029103604137907     0.012200408951843     0.051952031713204
    -0.026116498803270     0.028868710911015     0.041537371378789
1 111
     0.002353246880115    -0.007422924772974    -0.013248535125463
    -0.007422924772974    -0.006218008351321     0.007649045321129
    -0.013248535125463     0.007649045321129     0.017456258128558
1 112
     0.002353246880121     0.007422924772936     0.013248535125428
     0.007422924772936    -0.006218008351744     0.007649045320602
     0.013248535125428     0.007649045320602     0.017456258128024
1 113
    -0.366145506261379    -0.095036099550295     0.134401340910110
    -0.095036099550295    -0.256407270931439     0.077596650348168
     0.134401340910110     0.077596650348168    -0.311276388600388
1 114
     0.067737025986079     0.008444826112505    -0.011942787622211
     0.027292278623970    -0.010400687680465    -0.000652306230785
    -0.038597110580105    -0.000652306230216    -0.009939437520561
1 115
     0.067737025986079    -0.008444826114408     0.011942787620853
    -0.027292278625873    -0.010400687679446    -0.000652306230576
     0.038597110578748    -0.000652306231146    -0.009939437521579
1 116
    -0.366145506261379     0.095036099560721    -0.134401340902749
     0.095036099560721    -0.256407270936857     0.077596650350083
    -0.134401340902749     0.077596650350083    -0.311276388594971
1 117
     0.024608361017127     0.052192624954000    -0.006536307577250
     0.033345172442539     0.032727977287087    -0.010016604356877
    -0.019863469056485    -0.033099925159066    -0.009939437521225
1 118
     0.017121553409934     0.000000000000015     0.000000000000005
     0.000000000000015     0.017121553409656    -0.000000000000009
     0.000000000000005    -0.000000000000009    -0.003699534761266
1 119
     0.024608361017114    -0.052192624954670     0.006536307576760
    -0.033345172443206     0.032727977289525    -0.010016604356392
     0.019863469055990    -0.033099925158581    -0.009939437521757
1 120
    -0.055317175154780     0.000000000000015     0.000000000000005
     0.000000000000015     0.093487114922657    -0.052610261290825
     0.000000000000005    -0.052610261290825    -0.036716638895902
1 121
    -0.006340879544261     0.015476620073797     0.005406480044311
     0.034324072585258     0.063677217848478     0.010668910587733
     0.018733641523545     0.033752231389921    -0.009939437520853
1 122
    -0.006340879544274    -0.015476620073570    -0.005406480044173
    -0.034324072585034     0.063677217849897     0.010668910588578
    -0.018733641523403     0.033752231390767    -0.009939437520366
1 123
     0.002353246880115    -0.014965146961497    -0.002582222216023
    -0.014965146961497     0.019633510133712    -0.001490846691041
    -0.002582222216023    -0.001490846691041    -0.008395260357028
1 124
     0.002353246880121     0.014965146961463     0.002582222215984
     0.014965146961463     0.019633510132859    -0.001490846691417
     0.002582222215984    -0.001490846691417    -0.008395260357132
1 125
    -0.201538153276748     0.000000000002836     0.000000000002000
     0.000000000002836    -0.421014623916081    -0.155193300707627
     0.000000000002000    -0.155193300707627    -0.311276388602371
1 126
     0.056286042404410    -0.064434147700500    -0.045561822779982
    -0.064434147700500    -0.018116102632918     0.026305130646989
    -0.045561822779982     0.026305130646989    -0.036716638893394
1 127
     0.028273641760346     0.000000000000015     0.000000000000005
     0.000000000000015    -0.006286884746523     0.002981693382764
     0.000000000000005     0.002981693382764    -0.008395260356990
1 128
     0.056286042404447     0.064434147698925     0.045561822778857
     0.064434147698925    -0.018116102636590     0.026305130644392
     0.045561822778857     0.026305130644392    -0.036716638895230
2 1
    -0.240198395123385     0.000000000003463     0.000000000002455
     0.000000000003463     0.103820164668177    -0.058680122521620
     0.000000000002455    -0.058680122521620     0.145313277225388
2 2
     1.978064382947301    -0.000000000027965    -0.000000000019768
    -0.000000000027965     1.978064382915253     0.000000000019788
    -0.000000000019768     0.000000000019788     1.978064382943538
2 3
    -0.240198395123385     0.000000000003463     0.000000000002455
     0.000000000003463     0.103820164668177    -0.058680122521620
     0.000000000002455    -0.058680122521620     0.145313277225388
2 4
    -0.047828923913993     0.000000000000034     0.000000000000030
     0.000000000000034     0.009225701953854    -0.018609064468499
     0.000000000000030    -0.018609064468499     0.022384297630973
2 5
     0.017815524721577     0.148964406075697     0.050818476803571
     0.148964406075697    -0.154193755176828     0.029340061257524
     0.050818476803571     0.029340061257524     0.145313277226137
2 6
     0.017815524721507    -0.148964406076161    -0.050818476803844
    -0.148964406076161    -0.154193755168336     0.029340061261974
    -0.050818476803844     0.029340061261974     0.145313277228186
2 7
    -0.035480312870277    -0.021771041282923     0.001692980566335
    -0.021771041282923    -0.010341279778191     0.000977442785679
     0.001692980566335     0.000977442785679     0.021111744981085
2 8
    -0.035480312870269     0.021771041284001    -0.001692980565556
     0.021771041284001    -0.010341279779432     0.000977442785289
    -0.001692980565556     0.000977442785289     0.021111744981154
2 9
     0.002228236766668     0.000000000000034     0.000000000000030
     0.000000000000034    -0.048049829415141    -0.001954885571697
     0.000000000000030    -0.001954885571697     0.021111744981060
2 10
    -0.005037954513005    -0.024705377702245    -0.016115922570749
    -0.024705377702245    -0.033565267445748     0.009304532234418
    -0.016115922570749     0.009304532234418     0.022384297631860
2 11
     0.002228236766668     0.000000000000034     0.000000000000030
     0.000000000000034    -0.048049829415141    -0.001954885571697
     0.000000000000030    -0.001954885571697     0.021111744981060
2 12
    -0.005037954512991     0.024705377702452     0.016115922570916
     0.024705377702452    -0.033565267447156     0.009304532233461
     0.016115922570916     0.009304532233461     0.022384297631210
2 13
    -0.035480312870277    -0.021771041282923     0.001692980566335
    -0.021771041282923    -0.010341279778191     0.000977442785679
     0.001692980566335     0.000977442785679     0.021111744981085
2 14
     0.017815524721507    -0.148964406076161    -0.050818476803844
    -0.148964406076161    -0.154193755168336     0.029340061261974
    -0.050818476803844     0.029340061261974     0.145313277228186
2 15
     0.017815524721577     0.148964406075697     0.050818476803571
     0.148964406075697    -0.154193755176828     0.029340061257524
     0.050818476803571     0.029340061257524     0.145313277226137
2 16
    -0.035480312870269     0.021771041284001    -0.001692980565556
     0.021771041284001    -0.010341279779432     0.000977442785289
    -0.001692980565556     0.000977442785289     0.021111744981154
2 17
     0.017815524721577     0.097566921433297     0.123505496656711
     0.097566921433297     0.130476101424857    -0.071305931741530
     0.123505496656711    -0.071305931741530    -0.139356579381633
2 18
     0.017815524721507    -0.097566921433720    -0.123505496657042
    -0.097566921433720     0.130476101430419    -0.071305931736044
    -0.123505496657042    -0.071305931736044    -0.139356579376655
2 19
    -0.035480312870277    -0.005660856375620    -0.021090261421910
    -0.005660856375620     0.018231325716039    -0.009124498764672
    -0.021090261421910    -0.009124498764672    -0.007460860513756
2 20
    -0.035480312870269     0.005660856376702     0.021090261422683
     0.005660856376702     0.018231325715717    -0.009124498765387
     0.021090261422683    -0.009124498765387    -0.007460860514606
2 21
    -0.001496661842226     0.000000000000034     0.000000000000030
     0.000000000000034    -0.103630346468181    -0.072219420988172
     0.000000000000030    -0.072219420988172    -0.052563504157403
2 22
    -0.000099029359418    -0.026088249935233    -0.018447178438883
    -0.026088249935233    -0.017149957793667    -0.013702452781022
    -0.018447178438883    -0.013702452781022    -0.007460860513902
2 23
    -0.003652119885928     0.000000000000034     0.000000000000030
     0.000000000000034    -0.003652119885869    -0.000000000000010
     0.000000000000030    -0.000000000000010    -0.003652119885921
2 24
    -0.000099029359403     0.026088249935300     0.018447178438942
     0.026088249935300    -0.017149957795154    -0.013702452782073
     0.018447178438942    -0.013702452782073    -0.007460860514645
2 25
    -0.009268354169324    -0.009520851892853     0.002699057340773
    -0.009520851892853    -0.020262086975508    -0.001558301482382
     0.002699057340773    -0.001558301482382    -0.005975258856453
2 26
     0.009705861498529    -0.020427393559211     0.002643082983318
    -0.020427393559211    -0.026954848651617     0.022826951546454
     0.002643082983318     0.022826951546454    -0.007460860513591
2 27
     0.009705861498536     0.020427393559001    -0.002643082983450
     0.020427393559001    -0.026954848652782     0.022826951546118
    -0.002643082983450     0.022826951546118    -0.007460860513484
2 28
    -0.009268354169321     0.009520851893182    -0.002699057340527
     0.009520851893182    -0.020262086976051    -0.001558301482497
    -0.002699057340527    -0.001558301482497    -0.005975258856344
2 29
    -0.078096925312958    -0.044225182733323     0.062543853222328
    -0.044225182733323    -0.027030082997443     0.036109710492836
     0.062543853222328     0.036109710492836    -0.052563504156480
2 30
     0.186806389783843    -0.000000000002622    -0.000000000001848
    -0.000000000002622    -0.038514763631954     0.142611863479812
    -0.000000000001848     0.142611863479812    -0.139356579374833
2 31
    -0.078096925312958     0.044225182735617    -0.062543853220694
     0.044225182735617    -0.027030082999964     0.036109710493727
    -0.062543853220694     0.036109710493727    -0.052563504153959
2 32
    -0.025758953379500     0.000000000000034     0.000000000000030
     0.000000000000034    -0.003771487765869     0.003116602964402
     0.000000000000030     0.003116602964402    -0.005975258856305
2 33
     0.002228236766668     0.000000000000034     0.000000000000030
     0.000000000000034     0.012198403075626    -0.023255852445599
     0.000000000000030    -0.023255852445599    -0.039136487510995
2 34
    -0.005037954513005    -0.023429363413548    -0.017920479283605
    -0.023429363413548     0.022015944035166    -0.010346393537516
    -0.017920479283605    -0.010346393537516    -0.033196913850242
2 35
     0.002228236766668     0.000000000000034     0.000000000000030
     0.000000000000034     0.012198403075626    -0.023255852445599
     0.000000000000030    -0.023255852445599    -0.039136487510995
2 36
    -0.005037954512991     0.023429363413763     0.017920479283761
     0.023429363413763     0.022015944033831    -0.010346393538499
     0.017920479283761    -0.010346393538499    -0.033196913850965
2 37
    -0.009268354169324    -0.000628921632921    -0.009876031028497
    -0.000628921632921    -0.008542138020836    -0.005701929172797
    -0.009876031028497    -0.005701929172797    -0.017695207811376
2 38
     0.009705861498529    -0.004317208651907    -0.020140159004927
    -0.004317208651907     0.004720778344001     0.011627926223227
    -0.020140159004927     0.011627926223227    -0.039136487509886
2 39
     0.009705861498536     0.004317208651702     0.020140159004789
     0.004317208651702     0.004720778343755     0.011627926222566
     0.020140159004789     0.011627926222566    -0.039136487510697
2 40
    -0.009268354169321     0.000628921633252     0.009876031028741
     0.000628921633252    -0.008542138020871    -0.005701929173091
     0.009876031028741    -0.005701929173091    -0.017695207811774
2 41
    -0.008179029946828     0.000000000000034     0.000000000000030
     0.000000000000034    -0.009631462243333     0.011403858345591
     0.000000000000030     0.011403858345591    -0.017695207811230
2 42
     0.035542893308780     0.000000000000034     0.000000000000030
     0.000000000000034    -0.018564903786626     0.020692787076248
     0.000000000000030     0.020692787076248    -0.033196913849978
2 43
    -0.008179029946828     0.000000000000034     0.000000000000030
     0.000000000000034    -0.009631462243333     0.011403858345591
     0.000000000000030     0.011403858345591    -0.017695207811230
2 44
    -0.041734608117444     0.000000000000034     0.000000000000030
     0.000000000000034    -0.041734608116768    -0.000000000000010
     0.000000000000030    -0.000000000000010    -0.041734608117364
2 45
     0.009705861498536     0.004317208651702     0.020140159004789
     0.004317208651702     0.004720778343755     0.011627926222566
     0.020140159004789     0.011627926222566    -0.039136487510697
2 46
     0.009705861498529    -0.004317208651907    -0.020140159004927
    -0.004317208651907     0.004720778344001     0.011627926223227
    -0.020140159004927     0.011627926223227    -0.039136487509886
2 47
    -0.009268354169324    -0.000628921632921    -0.009876031028497
    -0.000628921632921    -0.008542138020836    -0.005701929172797
    -0.009876031028497    -0.005701929172797    -0.017695207811376
2 48
    -0.009268354169321     0.000628921633252     0.009876031028741
     0.000628921633252    -0.008542138020871    -0.005701929173091
     0.009876031028741    -0.005701929173091    -0.017695207811774
2 49
    -0.035480312870277    -0.005660856375620    -0.021090261421910
    -0.005660856375620     0.018231325716039    -0.009124498764672
    -0.021090261421910    -0.009124498764672    -0.007460860513756
2 50
     0.017815524721507    -0.097566921433720    -0.123505496657042
    -0.097566921433720     0.130476101430419    -0.071305931736044
    -0.123505496657042    -0.071305931736044    -0.139356579376655
2 51
     0.017815524721577     0.097566921433297     0.123505496656711
     0.097566921433297     0.130476101424857    -0.071305931741530
     0.123505496656711    -0.071305931741530    -0.139356579381633
2 52
    -0.035480312870269     0.005660856376702     0.021090261422683
     0.005660856376702     0.018231325715717    -0.009124498765387
     0.021090261422683    -0.009124498765387    -0.007460860514606
2 53
    -0.078096925312958     0.044225182735617    -0.062543853220694
     0.044225182735617    -0.027030082999964     0.036109710493727
    -0.062543853220694     0.036109710493727    -0.052563504153959
2 54
     0.186806389783843    -0.000000000002622    -0.000000000001848
    -0.000000000002622    -0.038514763631954     0.142611863479812
    -0.000000000001848     0.142611863479812    -0.139356579374833
2 55
    -0.078096925312958    -0.044225182733323     0.062543853222328
    -0.044225182733323    -0.027030082997443     0.036109710492836
     0.062543853222328     0.036109710492836    -0.052563504156480
2 56
    -0.025758953379500     0.000000000000034     0.000000000000030
     0.000000000000034    -0.003771487765869     0.003116602964402
     0.000000000000030     0.003116602964402    -0.005975258856305
2 57
     0.009705861498536     0.020427393559001    -0.002643082983450
     0.020427393559001    -0.026954848652782     0.022826951546118
    -0.002643082983450     0.022826951546118    -0.007460860513484
2 58
     0.009705861498529    -0.020427393559211     0.002643082983318
    -0.020427393559211    -0.026954848651617     0.022826951546454
     0.002643082983318     0.022826951546454    -0.007460860513591
2 59
    -0.009268354169324    -0.009520851892853     0.002699057340773
    -0.009520851892853    -0.020262086975508    -0.001558301482382
     0.002699057340773    -0.001558301482382    -0.005975258856453
2 60
    -0.009268354169321     0.009520851893182    -0.002699057340527
     0.009520851893182    -0.020262086976051    -0.001558301482497
    -0.002699057340527    -0.001558301482497    -0.005975258856344
2 61
    -0.003652119885928     0.000000000000034     0.000000000000030
     0.000000000000034    -0.003652119885869    -0.000000000000010
     0.000000000000030    -0.000000000000010    -0.003652119885921
2 62
    -0.000099029359418    -0.026088249935233    -0.018447178438883
    -0.026088249935233    -0.017149957793667    -0.013702452781022
    -0.018447178438883    -0.013702452781022    -0.007460860513902
2 63
    -0.001496661842226     0.000000000000034     0.000000000000030
     0.000000000000034    -0.103630346468181    -0.072219420988172
     0.000000000000030    -0.072219420988172    -0.052563504157403
2 64
    -0.000099029359403     0.026088249935300     0.018447178438942
     0.026088249935300    -0.017149957795154    -0.013702452782073
     0.018447178438942    -0.013702452782073    -0.007460860514645
2 65
    -0.201538153276748     0.000000000002836     0.000000000002000
     0.000000000002836    -0.421014623916081    -0.155193300707627
     0.000000000002000    -0.155193300707627    -0.311276388602371
2 66
     0.056286042404447     0.064434147698925     0.045561822778857
     0.064434147698925    -0.018116102636590     0.026305130644392
     0.045561822778857     0.026305130644392    -0.036716638895230
2 67
