 128  128
1 1
     2.341039812808905    -0.000000000033112    -0.000000000023411
    -0.000000000033112     2.341039812770976     0.000000000023422
    -0.000000000023411     0.000000000023422     2.341039812804453
1 2
    -0.240998619669762     0.000000000003464     0.000000000002452
     0.000000000003464     0.090725577264853    -0.054988266972612
     0.000000000002452    -0.054988266972612     0.129608153727977
1 3
    -0.056207376533051     0.000000000000025     0.000000000000020
     0.000000000000025     0.017773239151037    -0.013422251250518
     0.000000000000020    -0.013422251250518     0.027264204029236
1 4
    -0.240998619669762     0.000000000003464     0.000000000002452
     0.000000000003464     0.090725577264853    -0.054988266972612
     0.000000000002452    -0.054988266972612     0.129608153727977
1 5
     0.007794528032263    -0.143640790797250    -0.047621236111019
    -0.143640790797250    -0.158067570429092     0.027494133487269
    -0.047621236111019     0.027494133487269     0.129608153730599
1 6
    -0.038745877144046    -0.019534391882318     0.003007906313614
    -0.019534391882318    -0.016189504318953     0.001736615519703
     0.003007906313614     0.001736615519703     0.026666417074031
1 7
    -0.038745877144039     0.019534391883469    -0.003007906312788
     0.019534391883469    -0.016189504320066     0.001736615519395
    -0.003007906312788     0.001736615519395     0.026666417074152
1 8
     0.007794528032330     0.143640790797052     0.047621236110925
     0.143640790797052    -0.158067570437279     0.027494133483017
     0.047621236110925     0.027494133483017     0.129608153728680
1 9
    -0.000721914769778    -0.032034546284848    -0.011624010559458
    -0.032034546284848    -0.037712222610434     0.006711125625440
    -0.011624010559458     0.006711125625440     0.027264204029876
1 10
    -0.004911317907636     0.000000000000025     0.000000000000020
     0.000000000000025    -0.050024063555367    -0.003473231039963
     0.000000000000020    -0.003473231039963     0.026666417073987
1 11
    -0.000721914769763     0.032034546284913     0.011624010559518
     0.032034546284913    -0.037712222612260     0.006711125624463
     0.011624010559518     0.006711125624463     0.027264204029408
1 12
    -0.004911317907636     0.000000000000025     0.000000000000020
     0.000000000000025    -0.050024063555367    -0.003473231039963
     0.000000000000020    -0.003473231039963     0.026666417073987
1 13
     0.007794528032263    -0.143640790797250    -0.047621236111019
    -0.143640790797250    -0.158067570429092     0.027494133487269
    -0.047621236111019     0.027494133487269     0.129608153730599
1 14
     0.007794528032330     0.143640790797052     0.047621236110925
     0.143640790797052    -0.158067570437279     0.027494133483017
     0.047621236110925     0.027494133483017     0.129608153728680
1 15
    -0.038745877144039     0.019534391883469    -0.003007906312788
     0.019534391883469    -0.016189504320066     0.001736615519395
    -0.003007906312788     0.001736615519395     0.026666417074152
1 16
    -0.038745877144046    -0.019534391882318     0.003007906313614
    -0.019534391882318    -0.016189504318953     0.001736615519703
     0.003007906313614     0.001736615519703     0.026666417074031
1 17
     0.007794528032263    -0.092777995574176    -0.119552090935691
    -0.092777995574176     0.114925329473122    -0.069023431878965
    -0.119552090935691    -0.069023431878965    -0.143384746177450
1 18
    -0.038745877144046    -0.003675582691901    -0.019419836726558
    -0.003675582691901     0.022996179239252    -0.012117615764716
    -0.019419836726558    -0.012117615764716    -0.012519266485011
1 19
    -0.038745877144039     0.003675582693059     0.019419836727376
     0.003675582693059     0.022996179239042    -0.012117615765344
     0.019419836727376    -0.012117615765344    -0.012519266485793
1 20
     0.007794528032330     0.092777995574017     0.119552090935542
     0.092777995574017     0.114925329467834    -0.069023431884242
     0.119552090935542    -0.069023431884242    -0.143384746182269
1 21
     0.004377517158195    -0.028572886001090    -0.020204081449871
    -0.028572886001090    -0.020127215061585    -0.010759264059741
    -0.020204081449871    -0.010759264059741    -0.012519266484967
1 22
    -0.020592415876125     0.000000000000025     0.000000000000020
     0.000000000000025    -0.020592415875792    -0.000000000000010
     0.000000000000020    -0.000000000000010    -0.020592415876086
1 23
     0.004377517158211     0.028572886001010     0.020204081449820
     0.028572886001010    -0.020127215063214    -0.010759264060892
     0.020204081449820    -0.010759264060892    -0.012519266485782
1 24
     0.001948766413710     0.000000000000025     0.000000000000020
     0.000000000000025    -0.092441798653815    -0.066744208640677
     0.000000000000020    -0.066744208640677    -0.045246516122065
1 25
     0.010743813129048    -0.024897303308699    -0.000784244722965
    -0.024897303308699    -0.026493511032441     0.022876879825344
    -0.000784244722965     0.022876879825344    -0.012519266484681
1 26
     0.010743813129058     0.024897303308441     0.000784244722792
     0.024897303308441    -0.026493511033861     0.022876879824820
     0.000784244722792     0.022876879824820    -0.012519266484713
1 27
    -0.011955481789832     0.004245513359618     0.002504915023176
     0.004245513359618    -0.016857778351545     0.001446213362553
     0.002504915023176     0.001446213362553    -0.007459078957119
1 28
    -0.011955481789834    -0.004245513359231    -0.002504915022895
    -0.004245513359231    -0.016857778351303     0.001446213362710
    -0.002504915022895     0.001446213362710    -0.007459078957018
1 29
     0.168490730192348    -0.000000000002371    -0.000000000001674
    -0.000000000002371    -0.045770872686998     0.138046863765062
    -0.000000000001674     0.138046863765062    -0.143384746175687
1 30
    -0.068844157388064     0.040872313614354    -0.057802180236844
     0.040872313614354    -0.021648874854366     0.033372104320056
    -0.057802180236844     0.033372104320056    -0.045246516118882
1 31
    -0.019308926632629     0.000000000000025     0.000000000000020
     0.000000000000025    -0.009504333508747    -0.002892426725726
     0.000000000000020    -0.002892426725726    -0.007459078957155
1 32
    -0.068844157388064    -0.040872313612341     0.057802180238273
    -0.040872313612341    -0.021648874852037     0.033372104319232
     0.057802180238273     0.033372104319232    -0.045246516121212
1 33
    -0.000721914769778    -0.021637404349470    -0.026327789694387
    -0.021637404349470     0.024262807682165    -0.015200356466157
    -0.026327789694387    -0.015200356466157    -0.034710826264048
1 34
    -0.004911317907636     0.000000000000025     0.000000000000020
     0.000000000000025     0.015962190141027    -0.026802894766367
     0.000000000000020    -0.026802894766367    -0.039319836623818
1 35
    -0.000721914769763     0.021637404349543     0.026327789694434
     0.021637404349543     0.024262807680931    -0.015200356467343
     0.026327789694434    -0.015200356467343    -0.034710826265109
1 36
    -0.004911317907636     0.000000000000025     0.000000000000020
     0.000000000000025     0.015962190141027    -0.026802894766367
     0.000000000000020    -0.026802894766367    -0.039319836623818
1 37
     0.010743813129048    -0.009038494118283    -0.023211987763136
    -0.009038494118283     0.000307059104844     0.013401447383678
    -0.023211987763136     0.013401447383678    -0.039319836622540
1 38
     0.010743813129058     0.009038494118029     0.023211987762958
     0.009038494118029     0.000307059104329     0.013401447382834
     0.023211987762958     0.013401447382834    -0.039319836623475
1 39
    -0.011955481789832     0.003776827652058     0.003167736707298
     0.003776827652058    -0.007594376866810    -0.001828893640732
     0.003167736707298    -0.001828893640732    -0.016722480442052
1 40
    -0.011955481789834    -0.003776827651669    -0.003167736707019
    -0.003776827651669    -0.007594376866594    -0.001828893640565
    -0.003167736707019    -0.001828893640565    -0.016722480441924
1 41
     0.036755168907794     0.000000000000025     0.000000000000020
     0.000000000000025    -0.013214275995415     0.030400712933833
     0.000000000000020     0.030400712933833    -0.034710826263659
1 42
    -0.005413824405321     0.000000000000025     0.000000000000020
     0.000000000000025    -0.014136034251109     0.003657787280975
     0.000000000000020     0.003657787280975    -0.016722480441877
1 43
    -0.027403086558788     0.000000000000025     0.000000000000020
     0.000000000000025    -0.027403086558344    -0.000000000000010
     0.000000000000020    -0.000000000000010    -0.027403086558736
1 44
    -0.005413824405321     0.000000000000025     0.000000000000020
     0.000000000000025    -0.014136034251109     0.003657787280975
     0.000000000000020     0.003657787280975    -0.016722480441877
1 45
     0.010743813129048    -0.009038494118283    -0.023211987763136
    -0.009038494118283     0.000307059104844     0.013401447383678
    -0.023211987763136     0.013401447383678    -0.039319836622540
1 46
    -0.011955481789834    -0.003776827651669    -0.003167736707019
    -0.003776827651669    -0.007594376866594    -0.001828893640565
    -0.003167736707019    -0.001828893640565    -0.016722480441924
1 47
    -0.011955481789832     0.003776827652058     0.003167736707298
     0.003776827652058    -0.007594376866810    -0.001828893640732
     0.003167736707298    -0.001828893640732    -0.016722480442052
1 48
     0.010743813129058     0.009038494118029     0.023211987762958
     0.009038494118029     0.000307059104329     0.013401447382834
     0.023211987762958     0.013401447382834    -0.039319836623475
1 49
     0.007794528032263    -0.092777995574176    -0.119552090935691
    -0.092777995574176     0.114925329473122    -0.069023431878965
    -0.119552090935691    -0.069023431878965    -0.143384746177450
1 50
     0.007794528032330     0.092777995574017     0.119552090935542
     0.092777995574017     0.114925329467834    -0.069023431884242
     0.119552090935542    -0.069023431884242    -0.143384746182269
1 51
    -0.038745877144039     0.003675582693059     0.019419836727376
     0.003675582693059     0.022996179239042    -0.012117615765344
     0.019419836727376    -0.012117615765344    -0.012519266485793
1 52
    -0.038745877144046    -0.003675582691901    -0.019419836726558
    -0.003675582691901     0.022996179239252    -0.012117615764716
    -0.019419836726558    -0.012117615764716    -0.012519266485011
1 53
     0.168490730192348    -0.000000000002371    -0.000000000001674
    -0.000000000002371    -0.045770872686998     0.138046863765062
    -0.000000000001674     0.138046863765062    -0.143384746175687
1 54
    -0.068844157388064    -0.040872313612341     0.057802180238273
    -0.040872313612341    -0.021648874852037     0.033372104319232
     0.057802180238273     0.033372104319232    -0.045246516121212
1 55
    -0.019308926632629     0.000000000000025     0.000000000000020
     0.000000000000025    -0.009504333508747    -0.002892426725726
     0.000000000000020    -0.002892426725726    -0.007459078957155
1 56
    -0.068844157388064     0.040872313614354    -0.057802180236844
     0.040872313614354    -0.021648874854366     0.033372104320056
    -0.057802180236844     0.033372104320056    -0.045246516118882
1 57
     0.010743813129048    -0.024897303308699    -0.000784244722965
    -0.024897303308699    -0.026493511032441     0.022876879825344
    -0.000784244722965     0.022876879825344    -0.012519266484681
1 58
    -0.011955481789834    -0.004245513359231    -0.002504915022895
    -0.004245513359231    -0.016857778351303     0.001446213362710
    -0.002504915022895     0.001446213362710    -0.007459078957018
1 59
    -0.011955481789832     0.004245513359618     0.002504915023176
     0.004245513359618    -0.016857778351545     0.001446213362553
     0.002504915023176     0.001446213362553    -0.007459078957119
1 60
     0.010743813129058     0.024897303308441     0.000784244722792
     0.024897303308441    -0.026493511033861     0.022876879824820
     0.000784244722792     0.022876879824820    -0.012519266484713
1 61
     0.004377517158195    -0.028572886001090    -0.020204081449871
    -0.028572886001090    -0.020127215061585    -0.010759264059741
    -0.020204081449871    -0.010759264059741    -0.012519266484967
1 62
     0.001948766413710     0.000000000000025     0.000000000000020
     0.000000000000025    -0.092441798653815    -0.066744208640677
     0.000000000000020    -0.066744208640677    -0.045246516122065
1 63
     0.004377517158211     0.028572886001010     0.020204081449820
     0.028572886001010    -0.020127215063214    -0.010759264060892
     0.020204081449820    -0.010759264060892    -0.012519266485782
1 64
    -0.020592415876125     0.000000000000025     0.000000000000020
     0.000000000000025    -0.020592415875792    -0.000000000000010
     0.000000000000020    -0.000000000000010    -0.020592415876086
1 65
     0.052004272476483     0.058899702286286     0.041648378897392
     0.058899702286286    -0.016007245466707     0.024045702766130
     0.041648378897392     0.024045702766130    -0.033010124951015
1 66
     0.039579070591277     0.000000000000010     0.000000000000004
     0.000000000000010     0.000707385095472     0.005618481394910
     0.000000000000004     0.005618481394910    -0.003265481198744
1 67
     0.052004272476449    -0.058899702287749    -0.041648378898432
    -0.058899702287749    -0.016007245463350     0.024045702768504
    -0.041648378898432     0.024045702768504    -0.033010124949336
1 68
    -0.163948429318425     0.000000000002274     0.000000000001605
     0.000000000002274    -0.556869020544429    -0.277836814533221
     0.000000000001606    -0.277836814533221    -0.360408724940871
1 69
     0.010425306469436     0.016831933563365     0.004865747618791
     0.016831933563365     0.029861149216366    -0.002809240697401
     0.004865747618791    -0.002809240697401    -0.003265481199012
1 70
     0.010425306469429    -0.016831933563638    -0.004865747618993
    -0.016831933563638     0.029861149217325    -0.002809240696923
    -0.004865747618993    -0.002809240696923    -0.003265481198816
1 71
    -0.007703823793834    -0.017137096644285    -0.005289448013468
    -0.032052280263655     0.054565803616527     0.008717736109286
    -0.015836075493590     0.026985030752955    -0.013592968944189
1 72
    -0.007703823793822     0.017137096644538     0.005289448013631
     0.032052280263906     0.054565803615125     0.008717736108490
     0.015836075493757     0.026985030752159    -0.013592968944614
1 73
    -0.050013004436160     0.000000000000010     0.000000000000004
     0.000000000000010     0.086010031445955    -0.048091405534106
     0.000000000000004    -0.048091405534106    -0.033010124951629
1 74
     0.017698771764487    -0.046718475647616     0.004905056926042
    -0.031803292028247     0.029163208059040    -0.008939664405179
     0.015451684406165    -0.027206959048848    -0.013592968945331
1 75
     0.028153424029238     0.000000000000010     0.000000000000004
     0.000000000000010     0.028153424028782    -0.000000000000008
     0.000000000000004    -0.000000000000008    -0.007301466275047
1 76
     0.017698771764499     0.046718475647133    -0.004905056926394
     0.031803292027766     0.029163208056802    -0.008939664405681
    -0.015451684406520    -0.027206959049349    -0.013592968944920
1 77
    -0.458638872744723     0.170139606844951    -0.240613739483090
     0.170139606844951    -0.262178577127811     0.138918407262902
    -0.240613739483090     0.138918407262902    -0.360408724927623
1 78
     0.060298021763662    -0.007208603574760     0.010194504939389
    -0.022123787194131    -0.013436041940141     0.000221928297307
     0.031287759899186     0.000221928296856    -0.013592968945175
1 79
     0.060298021763662     0.007208603573058    -0.010194504940597
     0.022123787192429    -0.013436041940977     0.000221928297151
    -0.031287759900394     0.000221928297602    -0.013592968944339
1 80
    -0.458638872744723    -0.170139606831891     0.240613739492319
    -0.170139606831891    -0.262178577118113     0.138918407259473
     0.240613739492319     0.138918407259473    -0.360408724937321
1 81
     0.010425306469436     0.010198115369983     0.014247383278189
     0.010198115369983    -0.001350462839267     0.008225730570511
     0.014247383278189     0.008225730570511     0.027946130857288
1 82
     0.010425306469429    -0.010198115370260    -0.014247383278385
    -0.010198115370260    -0.001350462838685     0.008225730571123
    -0.014247383278385     0.008225730571123     0.027946130857862
1 83
    -0.007703823793834    -0.010699304959969    -0.014393860325160
    -0.025614488579336     0.005200525142169     0.044438292334769
    -0.024940487805286     0.026170997691100     0.035772309531225
1 84
    -0.007703823793822     0.010699304960212     0.014393860325337
     0.025614488579582     0.005200525141134     0.044438292333843
     0.024940487805460     0.026170997690174     0.035772309530432
1 85
    -0.007238347493211     0.000000000000010     0.000000000000004
     0.000000000000010     0.016313191123385    -0.016451461141527
     0.000000000000004    -0.016451461141527     0.027946130857078
1 86
     0.004516830493035    -0.013646593640792    -0.009649598903711
    -0.013646593640792     0.020274559517233    -0.005571198524012
    -0.009649598903711    -0.005571198524012     0.024213991773241
1 87
     0.008819440177840     0.000000000000010     0.000000000000004
     0.000000000000010     0.019459882998183     0.007523929273435
     0.000000000000004     0.007523929273435     0.014139661588294
1 88
     0.004516830493043     0.013646593640686     0.009649598903631
     0.013646593640686     0.020274559516455    -0.005571198524562
     0.009649598903631    -0.005571198524562     0.024213991772852
1 89
    -0.013749895948797    -0.022123787193075     0.031287759899932
    -0.007208603573705     0.011246597296950    -0.034684594867398
     0.010194504940135    -0.034684594866947     0.035772309529000
1 90
     0.016799772293334    -0.004607446895295     0.006515913886752
    -0.004607446895295     0.011479550882950    -0.003761964636564
     0.006515913886752    -0.003761964636564     0.014139661587935
1 91
     0.016799772293334     0.004607446894838    -0.006515913887081
     0.004607446894838     0.011479550882688    -0.003761964636471
    -0.006515913887081    -0.003761964636471     0.014139661588198
1 92
    -0.013749895948797     0.022123787193484    -0.031287759899648
     0.007208603574114     0.011246597296114    -0.034684594866652
    -0.010194504939851    -0.034684594867103     0.035772309529836
1 93
     0.017698771764499     0.010948293195621     0.045681620225092
    -0.003966890423749    -0.020202070416353    -0.009753697467961
     0.035134992744969     0.008513597175708     0.035772309529291
1 94
     0.028153424029238     0.000000000000010     0.000000000000004
     0.000000000000010    -0.003362034018974     0.011142397048920
     0.000000000000004     0.011142397048920     0.024213991773383
1 95
     0.017698771764487    -0.010948293196108    -0.045681620225437
     0.003966890423259    -0.020202070416154    -0.009753697466739
    -0.035134992745311     0.008513597176930     0.035772309530919
1 96
    -0.050013004436160     0.000000000000010     0.000000000000004
     0.000000000000010    -0.050013004435350    -0.000000000000008
     0.000000000000004    -0.000000000000008     0.103012910932583
1 97
    -0.050013004436160     0.000000000000010     0.000000000000004
     0.000000000000010    -0.050013004435350    -0.000000000000008
     0.000000000000004    -0.000000000000008     0.103012910932583
1 98
     0.017698771764487    -0.010948293196108    -0.045681620225437
     0.003966890423259    -0.020202070416154    -0.009753697466739
    -0.035134992745311     0.008513597176930     0.035772309530919
1 99
     0.028153424029238     0.000000000000010     0.000000000000004
     0.000000000000010    -0.003362034018974     0.011142397048920
     0.000000000000004     0.011142397048920     0.024213991773383
1 100
     0.017698771764499     0.010948293195621     0.045681620225092
    -0.003966890423749    -0.020202070416353    -0.009753697467961
     0.035134992744969     0.008513597175708     0.035772309529290
1 101
    -0.013749895948797     0.022123787193484    -0.031287759899648
     0.007208603574114     0.011246597296114    -0.034684594866652
    -0.010194504939851    -0.034684594867103     0.035772309529836
1 102
     0.016799772293334     0.004607446894838    -0.006515913887081
     0.004607446894838     0.011479550882688    -0.003761964636471
    -0.006515913887081    -0.003761964636471     0.014139661588198
1 103
     0.016799772293334    -0.004607446895295     0.006515913886752
    -0.004607446895295     0.011479550882950    -0.003761964636564
     0.006515913886752    -0.003761964636564     0.014139661587935
1 104
    -0.013749895948797    -0.022123787193075     0.031287759899932
    -0.007208603573705     0.011246597296950    -0.034684594867398
     0.010194504940135    -0.034684594866947     0.035772309529000
1 105
     0.004516830493043     0.013646593640686     0.009649598903631
     0.013646593640686     0.020274559516455    -0.005571198524562
     0.009649598903631    -0.005571198524562     0.024213991772852
1 106
     0.008819440177840     0.000000000000010     0.000000000000004
     0.000000000000010     0.019459882998183     0.007523929273435
     0.000000000000004     0.007523929273435     0.014139661588294
1 107
     0.004516830493035    -0.013646593640792    -0.009649598903711
    -0.013646593640792     0.020274559517233    -0.005571198524012
    -0.009649598903711    -0.005571198524012     0.024213991773241
1 108
    -0.007238347493211     0.000000000000010     0.000000000000004
     0.000000000000010     0.016313191123385    -0.016451461141527
     0.000000000000004    -0.016451461141527     0.027946130857078
1 109
    -0.007703823793822     0.010699304960212     0.014393860325337
     0.025614488579582     0.005200525141134     0.044438292333843
     0.024940487805460     0.026170997690174     0.035772309530432
1 110
    -0.007703823793834    -0.010699304959969    -0.014393860325160
    -0.025614488579336     0.005200525142169     0.044438292334769
    -0.024940487805286     0.026170997691100     0.035772309531225
1 111
     0.010425306469429    -0.010198115370260    -0.014247383278385
    -0.010198115370260    -0.001350462838685     0.008225730571123
    -0.014247383278385     0.008225730571123     0.027946130857862
1 112
     0.010425306469436     0.010198115369983     0.014247383278189
     0.010198115369983    -0.001350462839267     0.008225730570511
     0.014247383278189     0.008225730570511     0.027946130857288
1 113
    -0.458638872744723    -0.170139606831891     0.240613739492319
    -0.170139606831891    -0.262178577118113     0.138918407259473
     0.240613739492319     0.138918407259473    -0.360408724937321
1 114
     0.060298021763662     0.007208603573058    -0.010194504940597
     0.022123787192429    -0.013436041940977     0.000221928297151
    -0.031287759900394     0.000221928297602    -0.013592968944339
1 115
     0.060298021763662    -0.007208603574760     0.010194504939389
    -0.022123787194131    -0.013436041940141     0.000221928297307
     0.031287759899186     0.000221928296856    -0.013592968945175
1 116
    -0.458638872744723     0.170139606844951    -0.240613739483090
     0.170139606844951    -0.262178577127811     0.138918407262902
    -0.240613739483090     0.138918407262902    -0.360408724927623
1 117
     0.017698771764499     0.046718475647133    -0.004905056926394
     0.031803292027766     0.029163208056802    -0.008939664405681
    -0.015451684406520    -0.027206959049349    -0.013592968944920
1 118
     0.028153424029238     0.000000000000010     0.000000000000004
     0.000000000000010     0.028153424028782    -0.000000000000008
     0.000000000000004    -0.000000000000008    -0.007301466275047
1 119
     0.017698771764487    -0.046718475647616     0.004905056926042
    -0.031803292028247     0.029163208059040    -0.008939664405179
     0.015451684406165    -0.027206959048848    -0.013592968945331
1 120
    -0.050013004436160     0.000000000000010     0.000000000000004
     0.000000000000010     0.086010031445955    -0.048091405534106
     0.000000000000004    -0.048091405534106    -0.033010124951629
1 121
    -0.007703823793822     0.017137096644538     0.005289448013631
     0.032052280263906     0.054565803615125     0.008717736108490
     0.015836075493757     0.026985030752159    -0.013592968944614
1 122
    -0.007703823793834    -0.017137096644285    -0.005289448013468
    -0.032052280263655     0.054565803616527     0.008717736109286
    -0.015836075493590     0.026985030752955    -0.013592968944189
1 123
     0.010425306469429    -0.016831933563638    -0.004865747618993
    -0.016831933563638     0.029861149217325    -0.002809240696923
    -0.004865747618993    -0.002809240696923    -0.003265481198816
1 124
     0.010425306469436     0.016831933563365     0.004865747618791
     0.016831933563365     0.029861149216366    -0.002809240697401
     0.004865747618791    -0.002809240697401    -0.003265481199012
1 125
    -0.163948429318425     0.000000000002274     0.000000000001605
     0.000000000002274    -0.556869020544429    -0.277836814533221
     0.000000000001605    -0.277836814533221    -0.360408724940871
1 126
     0.052004272476449    -0.058899702287749    -0.041648378898432
    -0.058899702287749    -0.016007245463350     0.024045702768504
    -0.041648378898432     0.024045702768504    -0.033010124949336
1 127
     0.039579070591277     0.000000000000010     0.000000000000004
     0.000000000000010     0.000707385095472     0.005618481394910
     0.000000000000004     0.005618481394910    -0.003265481198744
1 128
     0.052004272476483     0.058899702286286     0.041648378897392
     0.058899702286286    -0.016007245466707     0.024045702766130
     0.041648378897392     0.024045702766130    -0.033010124951015
2 1
    -0.240998619669762     0.000000000003464     0.000000000002452
     0.000000000003464     0.090725577264853    -0.054988266972612
     0.000000000002452    -0.054988266972612     0.129608153727977
2 2
     2.341039812808904    -0.000000000033112    -0.000000000023411
    -0.000000000033112     2.341039812770977     0.000000000023422
    -0.000000000023411     0.000000000023422     2.341039812804453
2 3
    -0.240998619669762     0.000000000003464     0.000000000002452
     0.000000000003464     0.090725577264853    -0.054988266972612
     0.000000000002452    -0.054988266972612     0.129608153727977
2 4
    -0.056207376533051     0.000000000000025     0.000000000000020
     0.000000000000025     0.017773239151037    -0.013422251250518
     0.000000000000020    -0.013422251250518     0.027264204029236
2 5
     0.007794528032330     0.143640790797052     0.047621236110925
     0.143640790797052    -0.158067570437279     0.027494133483017
     0.047621236110925     0.027494133483017     0.129608153728680
2 6
     0.007794528032263    -0.143640790797250    -0.047621236111019
    -0.143640790797250    -0.158067570429092     0.027494133487269
    -0.047621236111019     0.027494133487269     0.129608153730599
2 7
    -0.038745877144046    -0.019534391882318     0.003007906313614
    -0.019534391882318    -0.016189504318953     0.001736615519703
     0.003007906313614     0.001736615519703     0.026666417074031
2 8
    -0.038745877144039     0.019534391883469    -0.003007906312788
     0.019534391883469    -0.016189504320066     0.001736615519395
    -0.003007906312788     0.001736615519395     0.026666417074152
2 9
    -0.004911317907636     0.000000000000025     0.000000000000020
     0.000000000000025    -0.050024063555367    -0.003473231039963
     0.000000000000020    -0.003473231039963     0.026666417073987
2 10
    -0.000721914769778    -0.032034546284848    -0.011624010559458
    -0.032034546284848    -0.037712222610434     0.006711125625440
    -0.011624010559458     0.006711125625440     0.027264204029876
2 11
    -0.004911317907636     0.000000000000025     0.000000000000020
     0.000000000000025    -0.050024063555367    -0.003473231039963
     0.000000000000020    -0.003473231039963     0.026666417073987
2 12
    -0.000721914769763     0.032034546284913     0.011624010559518
     0.032034546284913    -0.037712222612260     0.006711125624463
     0.011624010559518     0.006711125624463     0.027264204029408
2 13
    -0.038745877144046    -0.019534391882318     0.003007906313614
    -0.019534391882318    -0.016189504318953     0.001736615519703
     0.003007906313614     0.001736615519703     0.026666417074031
2 14
     0.007794528032263    -0.143640790797250    -0.047621236111019
    -0.143640790797250    -0.158067570429092     0.027494133487269
    -0.047621236111019     0.027494133487269     0.129608153730599
2 15
     0.007794528032330     0.143640790797052     0.047621236110925
     0.143640790797052    -0.158067570437279     0.027494133483017
     0.047621236110925     0.027494133483017     0.129608153728680
2 16
    -0.038745877144039     0.019534391883469    -0.003007906312788
     0.019534391883469    -0.016189504320066     0.001736615519395
    -0.003007906312788     0.001736615519395     0.026666417074152
2 17
     0.007794528032330     0.092777995574017     0.119552090935542
     0.092777995574017     0.114925329467834    -0.069023431884242
     0.119552090935542    -0.069023431884242    -0.143384746182269
2 18
     0.007794528032263    -0.092777995574176    -0.119552090935691
    -0.092777995574176     0.114925329473122    -0.069023431878965
    -0.119552090935691    -0.069023431878965    -0.143384746177450
2 19
    -0.038745877144046    -0.003675582691901    -0.019419836726558
    -0.003675582691901     0.022996179239252    -0.012117615764716
    -0.019419836726558    -0.012117615764716    -0.012519266485011
2 20
    -0.038745877144039     0.003675582693059     0.019419836727376
     0.003675582693059     0.022996179239042    -0.012117615765344
     0.019419836727376    -0.012117615765344    -0.012519266485793
2 21
     0.001948766413710     0.000000000000025     0.000000000000020
     0.000000000000025    -0.092441798653815    -0.066744208640677
     0.000000000000020    -0.066744208640677    -0.045246516122065
2 22
     0.004377517158195    -0.028572886001090    -0.020204081449871
    -0.028572886001090    -0.020127215061585    -0.010759264059741
    -0.020204081449871    -0.010759264059741    -0.012519266484967
2 23
    -0.020592415876125     0.000000000000025     0.000000000000020
     0.000000000000025    -0.020592415875792    -0.000000000000010
     0.000000000000020    -0.000000000000010    -0.020592415876086
2 24
     0.004377517158211     0.028572886001010     0.020204081449820
     0.028572886001010    -0.020127215063214    -0.010759264060892
     0.020204081449820    -0.010759264060892    -0.012519266485782
2 25
    -0.011955481789834    -0.004245513359231    -0.002504915022895
    -0.004245513359231    -0.016857778351303     0.001446213362710
    -0.002504915022895     0.001446213362710    -0.007459078957018
2 26
     0.010743813129048    -0.024897303308699    -0.000784244722965
    -0.024897303308699    -0.026493511032441     0.022876879825344
    -0.000784244722965     0.022876879825344    -0.012519266484681
2 27
     0.010743813129058     0.024897303308441     0.000784244722792
     0.024897303308441    -0.026493511033861     0.022876879824820
     0.000784244722792     0.022876879824820    -0.012519266484713
2 28
    -0.011955481789832     0.004245513359618     0.002504915023176
     0.004245513359618    -0.016857778351545     0.001446213362553
     0.002504915023176     0.001446213362553    -0.007459078957119
2 29
    -0.068844157388064    -0.040872313612341     0.057802180238273
    -0.040872313612341    -0.021648874852037     0.033372104319232
     0.057802180238273     0.033372104319232    -0.045246516121212
2 30
     0.168490730192348    -0.000000000002371    -0.000000000001674
    -0.000000000002371    -0.045770872686998     0.138046863765062
    -0.000000000001674     0.138046863765062    -0.143384746175687
2 31
    -0.068844157388064     0.040872313614354    -0.057802180236844
     0.040872313614354    -0.021648874854366     0.033372104320056
    -0.057802180236844     0.033372104320056    -0.045246516118882
2 32
    -0.019308926632629     0.000000000000025     0.000000000000020
     0.000000000000025    -0.009504333508747    -0.002892426725726
     0.000000000000020    -0.002892426725726    -0.007459078957155
2 33
    -0.004911317907636     0.000000000000025     0.000000000000020
     0.000000000000025     0.015962190141027    -0.026802894766367
     0.000000000000020    -0.026802894766367    -0.039319836623818
2 34
    -0.000721914769778    -0.021637404349470    -0.026327789694387
    -0.021637404349470     0.024262807682165    -0.015200356466157
    -0.026327789694387    -0.015200356466157    -0.034710826264048
2 35
    -0.004911317907636     0.000000000000025     0.000000000000020
     0.000000000000025     0.015962190141027    -0.026802894766367
     0.000000000000020    -0.026802894766367    -0.039319836623818
2 36
    -0.000721914769763     0.021637404349543     0.026327789694434
     0.021637404349543     0.024262807680931    -0.015200356467343
     0.026327789694434    -0.015200356467343    -0.034710826265109
2 37
    -0.011955481789834    -0.003776827651669    -0.003167736707019
    -0.003776827651669    -0.007594376866594    -0.001828893640565
    -0.003167736707019    -0.001828893640565    -0.016722480441924
2 38
     0.010743813129048    -0.009038494118283    -0.023211987763136
    -0.009038494118283     0.000307059104844     0.013401447383678
    -0.023211987763136     0.013401447383678    -0.039319836622540
2 39
     0.010743813129058     0.009038494118029     0.023211987762958
     0.009038494118029     0.000307059104329     0.013401447382834
     0.023211987762958     0.013401447382834    -0.039319836623475
2 40
    -0.011955481789832     0.003776827652058     0.003167736707298
     0.003776827652058    -0.007594376866810    -0.001828893640732
     0.003167736707298    -0.001828893640732    -0.016722480442052
2 41
    -0.005413824405321     0.000000000000025     0.000000000000020
     0.000000000000025    -0.014136034251109     0.003657787280975
     0.000000000000020     0.003657787280975    -0.016722480441877
2 42
     0.036755168907794     0.000000000000025     0.000000000000020
     0.000000000000025    -0.013214275995415     0.030400712933833
     0.000000000000020     0.030400712933833    -0.034710826263659
2 43
    -0.005413824405321     0.000000000000025     0.000000000000020
     0.000000000000025    -0.014136034251109     0.003657787280975
     0.000000000000020     0.003657787280975    -0.016722480441877
2 44
    -0.027403086558788     0.000000000000025     0.000000000000020
     0.000000000000025    -0.027403086558344    -0.000000000000010
     0.000000000000020    -0.000000000000010    -0.027403086558736
2 45
     0.010743813129058     0.009038494118029     0.023211987762958
     0.009038494118029     0.000307059104329     0.013401447382834
     0.023211987762958     0.013401447382834    -0.039319836623475
2 46
     0.010743813129048    -0.009038494118283    -0.023211987763136
    -0.009038494118283     0.000307059104844     0.013401447383678
    -0.023211987763136     0.013401447383678    -0.039319836622540
2 47
    -0.011955481789834    -0.003776827651669    -0.003167736707019
    -0.003776827651669    -0.007594376866594    -0.001828893640565
    -0.003167736707019    -0.001828893640565    -0.016722480441924
2 48
    -0.011955481789832     0.003776827652058     0.003167736707298
     0.003776827652058    -0.007594376866810    -0.001828893640732
     0.003167736707298    -0.001828893640732    -0.016722480442052
2 49
    -0.038745877144046    -0.003675582691901    -0.019419836726558
    -0.003675582691901     0.022996179239252    -0.012117615764716
    -0.019419836726558    -0.012117615764716    -0.012519266485011
2 50
     0.007794528032263    -0.092777995574176    -0.119552090935691
    -0.092777995574176     0.114925329473122    -0.069023431878965
    -0.119552090935691    -0.069023431878965    -0.143384746177450
2 51
     0.007794528032330     0.092777995574017     0.119552090935542
     0.092777995574017     0.114925329467834    -0.069023431884242
     0.119552090935542    -0.069023431884242    -0.143384746182269
2 52
    -0.038745877144039     0.003675582693059     0.019419836727376
     0.003675582693059     0.022996179239042    -0.012117615765344
     0.019419836727376    -0.012117615765344    -0.012519266485793
2 53
    -0.068844157388064     0.040872313614354    -0.057802180236844
     0.040872313614354    -0.021648874854366     0.033372104320056
    -0.057802180236844     0.033372104320056    -0.045246516118882
2 54
     0.168490730192348    -0.000000000002371    -0.000000000001674
    -0.000000000002371    -0.045770872686998     0.138046863765062
    -0.000000000001674     0.138046863765062    -0.143384746175687
2 55
    -0.068844157388064    -0.040872313612341     0.057802180238273
    -0.040872313612341    -0.021648874852037     0.033372104319232
     0.057802180238273     0.033372104319232    -0.045246516121212
2 56
    -0.019308926632629     0.000000000000025     0.000000000000020
     0.000000000000025    -0.009504333508747    -0.002892426725726
     0.000000000000020    -0.002892426725726    -0.007459078957155
2 57
     0.010743813129058     0.024897303308441     0.000784244722792
     0.024897303308441    -0.026493511033861     0.022876879824820
     0.000784244722792     0.022876879824820    -0.012519266484713
2 58
     0.010743813129048    -0.024897303308699    -0.000784244722965
    -0.024897303308699    -0.026493511032441     0.022876879825344
    -0.000784244722965     0.022876879825344    -0.012519266484681
2 59
    -0.011955481789834    -0.004245513359231    -0.002504915022895
    -0.004245513359231    -0.016857778351303     0.001446213362710
    -0.002504915022895     0.001446213362710    -0.007459078957018
2 60
    -0.011955481789832     0.004245513359618     0.002504915023176
     0.004245513359618    -0.016857778351545     0.001446213362553
     0.002504915023176     0.001446213362553    -0.007459078957119
2 61
    -0.020592415876125     0.000000000000025     0.000000000000020
     0.000000000000025    -0.020592415875792    -0.000000000000010
     0.000000000000020    -0.000000000000010    -0.020592415876086
2 62
     0.004377517158195    -0.028572886001090    -0.020204081449871
    -0.028572886001090    -0.020127215061585    -0.010759264059741
    -0.020204081449871    -0.010759264059741    -0.012519266484967
2 63
     0.001948766413710     0.000000000000025     0.000000000000020
     0.000000000000025    -0.092441798653815    -0.066744208640677
     0.000000000000020    -0.066744208640677    -0.045246516122065
2 64
     0.004377517158211     0.028572886001010     0.020204081449820
     0.028572886001010    -0.020127215063214    -0.010759264060892
     0.020204081449820    -0.010759264060892    -0.012519266485782
2 65
    -0.163948429318425     0.000000000002274     0.000000000001605
     0.000000000002274    -0.556869020544429    -0.277836814533221
     0.000000000001606    -0.277836814533221    -0.360408724940871
2 66
     0.052004272476483     0.058899702286286     0.041648378897392
     0.058899702286286    -0.016007245466707     0.024045702766130
     0.041648378897392     0.024045702766130    -0.033010124951015
2 67
