 128  128
1 1
     2.076364821367480    -0.000000000029357    -0.000000000020755
    -0.000000000029357     2.076364821333839     0.000000000020773
    -0.000000000020755     0.000000000020773     2.076364821363531
1 2
    -0.234137612941483     0.000000000003376     0.000000000002391
     0.000000000003376     0.100142766371452    -0.056981867567959
     0.000000000002391    -0.056981867567959     0.140435031334694
1 3
    -0.049751864998753     0.000000000000034     0.000000000000028
     0.000000000000034     0.013307022283907    -0.017093768457835
     0.000000000000028    -0.017093768457835     0.025394141876491
1 4
    -0.234137612941483     0.000000000003376     0.000000000002391
     0.000000000003376     0.100142766371452    -0.056981867567959
     0.000000000002391    -0.056981867567959     0.140435031334694
1 5
     0.016572671544395    -0.144747650235588    -0.049347744871776
    -0.144747650235588    -0.150567518106285     0.028490933785100
    -0.049347744871776     0.028490933785100     0.140435031337411
1 6
    -0.033973461396795    -0.020333771805000     0.001141341372734
    -0.020333771805000    -0.010494044144740     0.000658953748755
     0.001141341372734     0.000658953748755     0.022297986029637
1 7
    -0.033973461396788     0.020333771806034    -0.001141341371990
     0.020333771806034    -0.010494044145900     0.000658953748377
    -0.001141341371990     0.000658953748377     0.022297986029683
1 8
     0.016572671544463     0.144747650235159     0.049347744871522
     0.144747650235159    -0.150567518114536     0.028490933780776
     0.049347744871522     0.028490933780776     0.140435031335422
1 9
    -0.002457699536605    -0.027305299160385    -0.014803637731340
    -0.027305299160385    -0.033987143176707     0.008546884229111
    -0.014803637731340     0.008546884229111     0.025394141877306
1 10
     0.001245664480161     0.000000000000034     0.000000000000028
     0.000000000000034    -0.045713170021701    -0.001317907497839
     0.000000000000028    -0.001317907497839     0.022297986029621
1 11
    -0.002457699536591     0.027305299160518     0.014803637731450
     0.027305299160518    -0.033987143178263     0.008546884228138
     0.014803637731450     0.008546884228138     0.025394141876710
1 12
     0.001245664480161     0.000000000000034     0.000000000000028
     0.000000000000034    -0.045713170021701    -0.001317907497839
     0.000000000000028    -0.001317907497839     0.022297986029621
1 13
     0.016572671544395    -0.144747650235588    -0.049347744871776
    -0.144747650235588    -0.150567518106285     0.028490933785100
    -0.049347744871776     0.028490933785100     0.140435031337411
1 14
     0.016572671544463     0.144747650235159     0.049347744871522
     0.144747650235159    -0.150567518114536     0.028490933780776
     0.049347744871522     0.028490933780776     0.140435031335422
1 15
    -0.033973461396788     0.020333771806034    -0.001141341371990
     0.020333771806034    -0.010494044145900     0.000658953748377
    -0.001141341371990     0.000658953748377     0.022297986029683
1 16
    -0.033973461396795    -0.020333771805000     0.001141341372734
    -0.020333771805000    -0.010494044144740     0.000658953748755
     0.001141341372734     0.000658953748755     0.022297986029637
1 17
     0.016572671544395    -0.094774716790280    -0.120020145101693
    -0.094774716790280     0.126009088048246    -0.069293663077504
    -0.120020145101693    -0.069293663077504    -0.136141574823033
1 18
    -0.033973461396795    -0.005701856969072    -0.019551311031722
    -0.005701856969072     0.019068605489357    -0.009793021264076
    -0.019551311031722    -0.009793021264076    -0.007264663605092
1 19
    -0.033973461396788     0.005701856970111     0.019551311032460
     0.005701856970111     0.019068605489032    -0.009793021264748
     0.019551311032460    -0.009793021264748    -0.007264663605880
1 20
     0.016572671544463     0.094774716789890     0.120020145101384
     0.094774716789890     0.126009088042844    -0.069293663082835
     0.120020145101384    -0.069293663082835    -0.136141574827870
1 21
     0.000870135783469    -0.025818817180971    -0.018256660711268
    -0.025818817180971    -0.015774991689773    -0.012035421398246
    -0.018256660711268    -0.012035421398246    -0.007264663605163
1 22
    -0.005929619524824     0.000000000000034     0.000000000000028
     0.000000000000034    -0.005929619524728    -0.000000000000010
     0.000000000000028    -0.000000000000010    -0.005929619524813
1 23
     0.000870135783484     0.025818817181010     0.018256660711303
     0.025818817181010    -0.015774991691244    -0.012035421399286
     0.018256660711303    -0.012035421399286    -0.007264663605899
1 24
    -0.001723646556887     0.000000000000034     0.000000000000028
     0.000000000000034    -0.102298167341646    -0.071116925663063
     0.000000000000028    -0.071116925663063    -0.052010906951435
1 25
     0.010746041752377    -0.020116960211519     0.001294650320727
    -0.020116960211519    -0.025650897658684     0.021828442663109
     0.001294650320727     0.021828442663109    -0.007264663604875
1 26
     0.010746041752385     0.020116960211280    -0.001294650320884
     0.020116960211280    -0.025650897659831     0.021828442662740
    -0.001294650320884     0.021828442662740    -0.007264663604823
1 27
    -0.009713868267222     0.010772349399035    -0.003080084928338
     0.010772349399035    -0.022152705917750    -0.001778287862921
    -0.003080084928338    -0.001778287862921    -0.006009328255044
1 28
    -0.009713868267225    -0.010772349398694     0.003080084928589
    -0.010772349398694    -0.022152705917136    -0.001778287862792
     0.003080084928589    -0.001778287862792    -0.006009328255169
1 29
     0.180727296299152    -0.000000000002536    -0.000000000001789
    -0.000000000002536    -0.038145536706546     0.138587326162492
    -0.000000000001789     0.138587326162492    -0.136141574821262
1 30
    -0.077154537146707     0.043550044988030    -0.061589064261618
     0.043550044988030    -0.026867276754305     0.035558462831174
    -0.061589064261618     0.035558462831174    -0.052010906948044
1 31
    -0.028372124743092     0.000000000000034     0.000000000000028
     0.000000000000034    -0.003494449441878     0.003556575725202
     0.000000000000028     0.003556575725202    -0.006009328254999
1 32
    -0.077154537146707    -0.043550044985763     0.061589064263229
    -0.043550044985763    -0.026867276751822     0.035558462830297
     0.061589064263229     0.035558462830297    -0.052010906950526
1 33
    -0.002457699536605    -0.023058769887851    -0.020809137021571
    -0.023058769887851     0.024168274467833    -0.012014160860040
    -0.020809137021571    -0.012014160860040    -0.032761275768476
1 34
     0.001245664480161     0.000000000000034     0.000000000000028
     0.000000000000034     0.013912834176232    -0.022398883449092
     0.000000000000028    -0.022398883449092    -0.037328018169587
1 35
    -0.002457699536591     0.023058769887992     0.020809137021670
     0.023058769887992     0.024168274466519    -0.012014160861098
     0.020809137021670    -0.012014160861098    -0.032761275769315
1 36
     0.001245664480161     0.000000000000034     0.000000000000028
     0.000000000000034     0.013912834176232    -0.022398883449092
     0.000000000000028    -0.022398883449092    -0.037328018169587
1 37
     0.010746041752377    -0.005485045375591    -0.019398002083729
    -0.005485045375591     0.004412456904318     0.011199441724981
    -0.019398002083729     0.011199441724981    -0.037328018168519
1 38
     0.010746041752385     0.005485045375356     0.019398002083566
     0.005485045375356     0.004412456904005     0.011199441724318
     0.019398002083566     0.011199441724318    -0.037328018169301
1 39
    -0.009713868267222     0.000686851213648     0.011182963388725
     0.000686851213648    -0.008920760801102    -0.006456486922955
     0.011182963388725    -0.006456486922955    -0.019241273371975
1 40
    -0.009713868267225    -0.000686851213305    -0.011182963388477
    -0.000686851213305    -0.008920760801063    -0.006456486922622
    -0.011182963388477    -0.006456486922622    -0.019241273371524
1 41
     0.037481261469648     0.000000000000034     0.000000000000028
     0.000000000000034    -0.015770686538427     0.024028321721444
     0.000000000000028     0.024028321721444    -0.032761275768169
1 42
    -0.008524207068230     0.000000000000034     0.000000000000028
     0.000000000000034    -0.010110422000059     0.012912973845270
     0.000000000000028     0.012912973845270    -0.019241273371359
1 43
    -0.034670708949189     0.000000000000034     0.000000000000028
     0.000000000000034    -0.034670708948628    -0.000000000000010
     0.000000000000028    -0.000000000000010    -0.034670708949123
1 44
    -0.008524207068230     0.000000000000034     0.000000000000028
     0.000000000000034    -0.010110422000059     0.012912973845270
     0.000000000000028     0.012912973845270    -0.019241273371359
1 45
     0.010746041752377    -0.005485045375591    -0.019398002083729
    -0.005485045375591     0.004412456904318     0.011199441724981
    -0.019398002083729     0.011199441724981    -0.037328018168519
1 46
    -0.009713868267225    -0.000686851213305    -0.011182963388477
    -0.000686851213305    -0.008920760801063    -0.006456486922622
    -0.011182963388477    -0.006456486922622    -0.019241273371524
1 47
    -0.009713868267222     0.000686851213648     0.011182963388725
     0.000686851213648    -0.008920760801102    -0.006456486922955
     0.011182963388725    -0.006456486922955    -0.019241273371975
1 48
     0.010746041752385     0.005485045375356     0.019398002083566
     0.005485045375356     0.004412456904005     0.011199441724318
     0.019398002083566     0.011199441724318    -0.037328018169301
1 49
     0.016572671544395    -0.094774716790280    -0.120020145101693
    -0.094774716790280     0.126009088048246    -0.069293663077504
    -0.120020145101693    -0.069293663077504    -0.136141574823033
1 50
     0.016572671544463     0.094774716789890     0.120020145101384
     0.094774716789890     0.126009088042844    -0.069293663082835
     0.120020145101384    -0.069293663082835    -0.136141574827870
1 51
    -0.033973461396788     0.005701856970111     0.019551311032460
     0.005701856970111     0.019068605489032    -0.009793021264748
     0.019551311032460    -0.009793021264748    -0.007264663605880
1 52
    -0.033973461396795    -0.005701856969072    -0.019551311031722
    -0.005701856969072     0.019068605489357    -0.009793021264076
    -0.019551311031722    -0.009793021264076    -0.007264663605092
1 53
     0.180727296299152    -0.000000000002536    -0.000000000001789
    -0.000000000002536    -0.038145536706546     0.138587326162492
    -0.000000000001789     0.138587326162492    -0.136141574821262
1 54
    -0.077154537146707    -0.043550044985763     0.061589064263229
    -0.043550044985763    -0.026867276751822     0.035558462830297
     0.061589064263229     0.035558462830297    -0.052010906950526
1 55
    -0.028372124743092     0.000000000000034     0.000000000000028
     0.000000000000034    -0.003494449441878     0.003556575725202
     0.000000000000028     0.003556575725202    -0.006009328254999
1 56
    -0.077154537146707     0.043550044988030    -0.061589064261618
     0.043550044988030    -0.026867276754305     0.035558462831174
    -0.061589064261618     0.035558462831174    -0.052010906948044
1 57
     0.010746041752377    -0.020116960211519     0.001294650320727
    -0.020116960211519    -0.025650897658684     0.021828442663109
     0.001294650320727     0.021828442663109    -0.007264663604875
1 58
    -0.009713868267225    -0.010772349398694     0.003080084928589
    -0.010772349398694    -0.022152705917136    -0.001778287862792
     0.003080084928589    -0.001778287862792    -0.006009328255169
1 59
    -0.009713868267222     0.010772349399035    -0.003080084928338
     0.010772349399035    -0.022152705917750    -0.001778287862921
    -0.003080084928338    -0.001778287862921    -0.006009328255044
1 60
     0.010746041752385     0.020116960211280    -0.001294650320884
     0.020116960211280    -0.025650897659831     0.021828442662740
    -0.001294650320884     0.021828442662740    -0.007264663604823
1 61
     0.000870135783469    -0.025818817180971    -0.018256660711268
    -0.025818817180971    -0.015774991689773    -0.012035421398246
    -0.018256660711268    -0.012035421398246    -0.007264663605163
1 62
    -0.001723646556887     0.000000000000034     0.000000000000028
     0.000000000000034    -0.102298167341646    -0.071116925663063
     0.000000000000028    -0.071116925663063    -0.052010906951435
1 63
     0.000870135783484     0.025818817181010     0.018256660711303
     0.025818817181010    -0.015774991691244    -0.012035421399286
     0.018256660711303    -0.012035421399286    -0.007264663605899
1 64
    -0.005929619524824     0.000000000000034     0.000000000000028
     0.000000000000034    -0.005929619524728    -0.000000000000010
     0.000000000000028    -0.000000000000010    -0.005929619524813
1 65
     0.052233963409975     0.062154321696355     0.043949742352482
     0.062154321696355    -0.019535665318306     0.025374395576297
     0.043949742352482     0.025374395576297    -0.037478072498852
1 66
     0.028862617382886     0.000000000000015     0.000000000000007
     0.000000000000015    -0.005297620307250     0.003773325789142
     0.000000000000007     0.003773325789142    -0.007965764560440
1 67
     0.052233963409940    -0.062154321697814    -0.043949742353521
    -0.062154321697814    -0.019535665314763     0.025374395578802
    -0.043949742353521     0.025374395578802    -0.037478072497081
1 68
    -0.185199810577871     0.000000000002597     0.000000000001833
     0.000000000002597    -0.458879469005379    -0.193520742355044
     0.000000000001833    -0.193520742355044    -0.322039639798643
1 69
     0.003242439115224     0.014791816819374     0.003267795990354
     0.014791816819374     0.020322557959580    -0.001886662894601
     0.003267795990354    -0.001886662894601    -0.007965764560620
1 70
     0.003242439115217    -0.014791816819432    -0.003267795990408
    -0.014791816819432     0.020322557960423    -0.001886662894210
    -0.003267795990408    -0.001886662894210    -0.007965764560488
1 71
    -0.006494367211243    -0.015480700803324    -0.005406181925210
    -0.033854738323141     0.059276586834649     0.008242379526498
    -0.018398588453523     0.030745887745628    -0.011810976059994
1 72
    -0.006494367211230     0.015480700803555     0.005406181925354
     0.033854738323369     0.059276586833243     0.008242379525662
     0.018398588453672     0.030745887744792    -0.011810976060474
1 73
    -0.055420479680251     0.000000000000015     0.000000000000007
     0.000000000000015     0.088118777771939    -0.050748791154624
     0.000000000000007    -0.050748791154624    -0.037478072499501
1 74
     0.021470976527903    -0.050000537059192     0.004435019093488
    -0.031626499539375     0.031311243096421    -0.008803080646784
     0.017427425621802    -0.031306588865914    -0.011810976061252
1 75
     0.018919883770721     0.000000000000015     0.000000000000007
     0.000000000000015     0.018919883770414    -0.000000000000009
     0.000000000000007    -0.000000000000009    -0.006168520290731
1 76
     0.021470976527916     0.050000537058612    -0.004435019093910
     0.031626499538798     0.031311243094095    -0.008803080647295
    -0.017427425622228    -0.031306588866425    -0.011810976060811
1 77
    -0.390459554404098     0.118506768356478    -0.167593879030932
     0.118506768356478    -0.253619725185895     0.096760371173867
    -0.167593879030932     0.096760371173867    -0.322039639789415
1 78
     0.064196720118835    -0.006958779976639     0.009841201018618
    -0.025332817496457    -0.011414500494518     0.000560701121848
     0.035826014074694     0.000560701121292    -0.011810976061076
1 79
     0.064196720118835     0.006958779974837    -0.009841201019900
     0.025332817494655    -0.011414500495438     0.000560701121617
    -0.035826014075976     0.000560701122173    -0.011810976060156
1 80
    -0.390459554404097    -0.118506768345355     0.167593879038790
    -0.118506768345355    -0.253619725179140     0.096760371171479
     0.167593879038790     0.096760371171479    -0.322039639796170
1 81
     0.003242439115224     0.008011513212050     0.012856593308838
     0.008011513212050    -0.006008459504210     0.007422757607292
     0.012856593308838     0.007422757607292     0.018365252903733
1 82
     0.003242439115217    -0.008011513212112    -0.012856593308886
    -0.008011513212112    -0.006008459503753     0.007422757607819
    -0.012856593308886     0.007422757607819     0.018365252904252
1 83
    -0.006494367211243    -0.010257230800445    -0.012793284045930
    -0.028631268320259     0.008340472338675     0.048754523728938
    -0.025785690574248     0.026251015509808     0.039125138437068
1 84
    -0.006494367211230     0.010257230800666     0.012793284046089
     0.028631268320482     0.008340472337567     0.048754523727996
     0.025785690574402     0.026251015508867     0.039125138436291
1 85
    -0.010633908813727     0.000000000000015     0.000000000000007
     0.000000000000015     0.007867888424744    -0.014845515215184
     0.000000000000007    -0.014845515215184     0.018365252903544
1 86
     0.002194281063076    -0.009656531225552    -0.006828198712478
    -0.009656531225552     0.013344682868233    -0.003942262364314
    -0.006828198712478    -0.003942262364314     0.016132283319475
1 87
     0.008529759344275     0.000000000000015     0.000000000000007
     0.000000000000015     0.017400694906007     0.006272698691478
     0.000000000000007     0.006272698691478     0.012965227125384
1 88
     0.002194281063081     0.009656531225522     0.006828198712449
     0.009656531225522     0.013344682867683    -0.003942262364703
     0.006828198712449    -0.003942262364703     0.016132283319199
1 89
    -0.012207451626136    -0.025332817495368     0.035826014075464
    -0.006958779975550     0.014053556753398    -0.035456570846003
     0.009841201019388    -0.035456570845447     0.039125138434749
1 90
     0.015182961015786    -0.003841227776190     0.005432316416822
    -0.003841227776190     0.010747493234714    -0.003136349345597
     0.005432316416822    -0.003136349345597     0.012965227125085
1 91
     0.015182961015786     0.003841227775789    -0.005432316417113
     0.003841227775789     0.010747493234496    -0.003136349345519
    -0.005432316417113    -0.003136349345519     0.012965227125304
1 92
    -0.012207451626136     0.025332817495744    -0.035826014075206
     0.006958779975926     0.014053556752478    -0.035456570845122
    -0.009841201019130    -0.035456570845677     0.039125138435669
1 93
     0.021470976527916     0.012485469584431     0.048619298121414
    -0.005888567935385    -0.019624871400661    -0.013297952883545
     0.035626891593100     0.009205555335584     0.039125138435034
1 94
     0.018919883770721     0.000000000000015     0.000000000000007
     0.000000000000015    -0.003380919839415     0.007884524729222
     0.000000000000007     0.007884524729222     0.016132283319575
1 95
     0.021470976527903    -0.012485469585016    -0.048619298121830
     0.005888567934798    -0.019624871400473    -0.013297952882278
    -0.035626891593512     0.009205555336851     0.039125138436731
1 96
    -0.055420479680251     0.000000000000015     0.000000000000007
     0.000000000000015    -0.055420479679353    -0.000000000000009
     0.000000000000007    -0.000000000000009     0.106061184954860
1 97
    -0.055420479680251     0.000000000000015     0.000000000000007
     0.000000000000015    -0.055420479679353    -0.000000000000009
     0.000000000000007    -0.000000000000009     0.106061184954860
1 98
     0.021470976527903    -0.012485469585016    -0.048619298121830
     0.005888567934798    -0.019624871400473    -0.013297952882278
    -0.035626891593512     0.009205555336851     0.039125138436731
1 99
     0.018919883770721     0.000000000000015     0.000000000000007
     0.000000000000015    -0.003380919839415     0.007884524729222
     0.000000000000007     0.007884524729222     0.016132283319575
1 100
     0.021470976527916     0.012485469584431     0.048619298121414
    -0.005888567935385    -0.019624871400661    -0.013297952883545
     0.035626891593100     0.009205555335584     0.039125138435034
1 101
    -0.012207451626136     0.025332817495744    -0.035826014075206
     0.006958779975926     0.014053556752478    -0.035456570845122
    -0.009841201019130    -0.035456570845677     0.039125138435669
1 102
     0.015182961015786     0.003841227775789    -0.005432316417113
     0.003841227775789     0.010747493234496    -0.003136349345519
    -0.005432316417113    -0.003136349345519     0.012965227125304
1 103
     0.015182961015786    -0.003841227776190     0.005432316416822
    -0.003841227776190     0.010747493234714    -0.003136349345597
     0.005432316416822    -0.003136349345597     0.012965227125085
1 104
    -0.012207451626136    -0.025332817495368     0.035826014075464
    -0.006958779975550     0.014053556753398    -0.035456570846003
     0.009841201019388    -0.035456570845447     0.039125138434749
1 105
     0.002194281063081     0.009656531225522     0.006828198712449
     0.009656531225522     0.013344682867683    -0.003942262364703
     0.006828198712449    -0.003942262364703     0.016132283319199
1 106
     0.008529759344275     0.000000000000015     0.000000000000007
     0.000000000000015     0.017400694906007     0.006272698691478
     0.000000000000007     0.006272698691478     0.012965227125384
1 107
     0.002194281063076    -0.009656531225552    -0.006828198712478
    -0.009656531225552     0.013344682868233    -0.003942262364314
    -0.006828198712478    -0.003942262364314     0.016132283319475
1 108
    -0.010633908813727     0.000000000000015     0.000000000000007
     0.000000000000015     0.007867888424744    -0.014845515215184
     0.000000000000007    -0.014845515215184     0.018365252903544
1 109
    -0.006494367211230     0.010257230800666     0.012793284046089
     0.028631268320482     0.008340472337567     0.048754523727996
     0.025785690574402     0.026251015508867     0.039125138436291
1 110
    -0.006494367211243    -0.010257230800445    -0.012793284045930
    -0.028631268320259     0.008340472338675     0.048754523728938
    -0.025785690574248     0.026251015509808     0.039125138437068
1 111
     0.003242439115217    -0.008011513212112    -0.012856593308886
    -0.008011513212112    -0.006008459503753     0.007422757607819
    -0.012856593308886     0.007422757607819     0.018365252904252
1 112
     0.003242439115224     0.008011513212050     0.012856593308838
     0.008011513212050    -0.006008459504210     0.007422757607292
     0.012856593308838     0.007422757607292     0.018365252903733
1 113
    -0.390459554404097    -0.118506768345355     0.167593879038790
    -0.118506768345355    -0.253619725179140     0.096760371171479
     0.167593879038790     0.096760371171479    -0.322039639796170
1 114
     0.064196720118835     0.006958779974837    -0.009841201019900
     0.025332817494655    -0.011414500495438     0.000560701121617
    -0.035826014075976     0.000560701122173    -0.011810976060156
1 115
     0.064196720118835    -0.006958779976639     0.009841201018618
    -0.025332817496457    -0.011414500494518     0.000560701121848
     0.035826014074694     0.000560701121292    -0.011810976061076
1 116
    -0.390459554404098     0.118506768356478    -0.167593879030932
     0.118506768356478    -0.253619725185895     0.096760371173867
    -0.167593879030932     0.096760371173867    -0.322039639789415
1 117
     0.021470976527916     0.050000537058612    -0.004435019093910
     0.031626499538798     0.031311243094095    -0.008803080647295
    -0.017427425622228    -0.031306588866425    -0.011810976060811
1 118
     0.018919883770721     0.000000000000015     0.000000000000007
     0.000000000000015     0.018919883770414    -0.000000000000009
     0.000000000000007    -0.000000000000009    -0.006168520290731
1 119
     0.021470976527903    -0.050000537059192     0.004435019093488
    -0.031626499539375     0.031311243096421    -0.008803080646784
     0.017427425621802    -0.031306588865914    -0.011810976061252
1 120
    -0.055420479680251     0.000000000000015     0.000000000000007
     0.000000000000015     0.088118777771939    -0.050748791154624
     0.000000000000007    -0.050748791154624    -0.037478072499501
1 121
    -0.006494367211230     0.015480700803555     0.005406181925354
     0.033854738323369     0.059276586833243     0.008242379525662
     0.018398588453672     0.030745887744792    -0.011810976060474
1 122
    -0.006494367211243    -0.015480700803324    -0.005406181925210
    -0.033854738323141     0.059276586834649     0.008242379526498
    -0.018398588453523     0.030745887745628    -0.011810976059995
1 123
     0.003242439115217    -0.014791816819432    -0.003267795990408
    -0.014791816819432     0.020322557960423    -0.001886662894210
    -0.003267795990408    -0.001886662894210    -0.007965764560488
1 124
     0.003242439115224     0.014791816819374     0.003267795990354
     0.014791816819374     0.020322557959580    -0.001886662894601
     0.003267795990354    -0.001886662894601    -0.007965764560620
1 125
    -0.185199810577871     0.000000000002597     0.000000000001833
     0.000000000002597    -0.458879469005379    -0.193520742355044
     0.000000000001833    -0.193520742355044    -0.322039639798643
1 126
     0.052233963409940    -0.062154321697814    -0.043949742353521
    -0.062154321697814    -0.019535665314764     0.025374395578802
    -0.043949742353521     0.025374395578802    -0.037478072497081
1 127
     0.028862617382886     0.000000000000015     0.000000000000007
     0.000000000000015    -0.005297620307250     0.003773325789142
     0.000000000000007     0.003773325789142    -0.007965764560440
1 128
     0.052233963409975     0.062154321696355     0.043949742352482
     0.062154321696355    -0.019535665318306     0.025374395576297
     0.043949742352482     0.025374395576297    -0.037478072498852
2 1
    -0.234137612941483     0.000000000003376     0.000000000002391
     0.000000000003376     0.100142766371452    -0.056981867567959
     0.000000000002391    -0.056981867567959     0.140435031334694
2 2
     2.076364821367480    -0.000000000029357    -0.000000000020755
    -0.000000000029357     2.076364821333839     0.000000000020773
    -0.000000000020755     0.000000000020773     2.076364821363530
2 3
    -0.234137612941483     0.000000000003376     0.000000000002391
     0.000000000003376     0.100142766371452    -0.056981867567959
     0.000000000002391    -0.056981867567959     0.140435031334694
2 4
    -0.049751864998753     0.000000000000034     0.000000000000028
     0.000000000000034     0.013307022283907    -0.017093768457835
     0.000000000000028    -0.017093768457835     0.025394141876491
2 5
     0.016572671544463     0.144747650235159     0.049347744871522
     0.144747650235159    -0.150567518114536     0.028490933780776
     0.049347744871522     0.028490933780776     0.140435031335422
2 6
     0.016572671544395    -0.144747650235588    -0.049347744871776
    -0.144747650235588    -0.150567518106285     0.028490933785100
    -0.049347744871776     0.028490933785100     0.140435031337411
2 7
    -0.033973461396795    -0.020333771805000     0.001141341372734
    -0.020333771805000    -0.010494044144740     0.000658953748755
     0.001141341372734     0.000658953748755     0.022297986029637
2 8
    -0.033973461396788     0.020333771806034    -0.001141341371990
     0.020333771806034    -0.010494044145900     0.000658953748377
    -0.001141341371990     0.000658953748377     0.022297986029683
2 9
     0.001245664480161     0.000000000000034     0.000000000000028
     0.000000000000034    -0.045713170021701    -0.001317907497839
     0.000000000000028    -0.001317907497839     0.022297986029621
2 10
    -0.002457699536605    -0.027305299160385    -0.014803637731340
    -0.027305299160385    -0.033987143176707     0.008546884229111
    -0.014803637731340     0.008546884229111     0.025394141877306
2 11
     0.001245664480161     0.000000000000034     0.000000000000028
     0.000000000000034    -0.045713170021701    -0.001317907497839
     0.000000000000028    -0.001317907497839     0.022297986029621
2 12
    -0.002457699536591     0.027305299160518     0.014803637731450
     0.027305299160518    -0.033987143178263     0.008546884228138
     0.014803637731450     0.008546884228138     0.025394141876710
2 13
    -0.033973461396795    -0.020333771805000     0.001141341372734
    -0.020333771805000    -0.010494044144740     0.000658953748755
     0.001141341372734     0.000658953748755     0.022297986029637
2 14
     0.016572671544395    -0.144747650235588    -0.049347744871776
    -0.144747650235588    -0.150567518106285     0.028490933785100
    -0.049347744871776     0.028490933785100     0.140435031337411
2 15
     0.016572671544463     0.144747650235159     0.049347744871522
     0.144747650235159    -0.150567518114536     0.028490933780776
     0.049347744871522     0.028490933780776     0.140435031335422
2 16
    -0.033973461396788     0.020333771806034    -0.001141341371990
     0.020333771806034    -0.010494044145900     0.000658953748377
    -0.001141341371990     0.000658953748377     0.022297986029683
2 17
     0.016572671544463     0.094774716789890     0.120020145101384
     0.094774716789890     0.126009088042844    -0.069293663082835
     0.120020145101384    -0.069293663082835    -0.136141574827870
2 18
     0.016572671544395    -0.094774716790280    -0.120020145101693
    -0.094774716790280     0.126009088048246    -0.069293663077504
    -0.120020145101693    -0.069293663077504    -0.136141574823033
2 19
    -0.033973461396795    -0.005701856969072    -0.019551311031722
    -0.005701856969072     0.019068605489357    -0.009793021264076
    -0.019551311031722    -0.009793021264076    -0.007264663605092
2 20
    -0.033973461396788     0.005701856970111     0.019551311032460
     0.005701856970111     0.019068605489032    -0.009793021264748
     0.019551311032460    -0.009793021264748    -0.007264663605880
2 21
    -0.001723646556887     0.000000000000034     0.000000000000028
     0.000000000000034    -0.102298167341646    -0.071116925663063
     0.000000000000028    -0.071116925663063    -0.052010906951435
2 22
     0.000870135783469    -0.025818817180971    -0.018256660711268
    -0.025818817180971    -0.015774991689773    -0.012035421398246
    -0.018256660711268    -0.012035421398246    -0.007264663605163
2 23
    -0.005929619524824     0.000000000000034     0.000000000000028
     0.000000000000034    -0.005929619524728    -0.000000000000010
     0.000000000000028    -0.000000000000010    -0.005929619524813
2 24
     0.000870135783484     0.025818817181010     0.018256660711303
     0.025818817181010    -0.015774991691244    -0.012035421399286
     0.018256660711303    -0.012035421399286    -0.007264663605899
2 25
    -0.009713868267225    -0.010772349398694     0.003080084928589
    -0.010772349398694    -0.022152705917136    -0.001778287862792
     0.003080084928589    -0.001778287862792    -0.006009328255169
2 26
     0.010746041752377    -0.020116960211519     0.001294650320727
    -0.020116960211519    -0.025650897658684     0.021828442663109
     0.001294650320727     0.021828442663109    -0.007264663604875
2 27
     0.010746041752385     0.020116960211280    -0.001294650320884
     0.020116960211280    -0.025650897659831     0.021828442662740
    -0.001294650320884     0.021828442662740    -0.007264663604823
2 28
    -0.009713868267222     0.010772349399035    -0.003080084928338
     0.010772349399035    -0.022152705917750    -0.001778287862921
    -0.003080084928338    -0.001778287862921    -0.006009328255044
2 29
    -0.077154537146707    -0.043550044985763     0.061589064263229
    -0.043550044985763    -0.026867276751822     0.035558462830297
     0.061589064263229     0.035558462830297    -0.052010906950526
2 30
     0.180727296299152    -0.000000000002536    -0.000000000001789
    -0.000000000002536    -0.038145536706546     0.138587326162492
    -0.000000000001789     0.138587326162492    -0.136141574821262
2 31
    -0.077154537146707     0.043550044988030    -0.061589064261618
     0.043550044988030    -0.026867276754305     0.035558462831174
    -0.061589064261618     0.035558462831174    -0.052010906948044
2 32
    -0.028372124743092     0.000000000000034     0.000000000000028
     0.000000000000034    -0.003494449441878     0.003556575725202
     0.000000000000028     0.003556575725202    -0.006009328254999
2 33
     0.001245664480161     0.000000000000034     0.000000000000028
     0.000000000000034     0.013912834176232    -0.022398883449092
     0.000000000000028    -0.022398883449092    -0.037328018169587
2 34
    -0.002457699536605    -0.023058769887851    -0.020809137021571
    -0.023058769887851     0.024168274467833    -0.012014160860040
    -0.020809137021571    -0.012014160860040    -0.032761275768476
2 35
     0.001245664480161     0.000000000000034     0.000000000000028
     0.000000000000034     0.013912834176232    -0.022398883449092
     0.000000000000028    -0.022398883449092    -0.037328018169587
2 36
    -0.002457699536591     0.023058769887992     0.020809137021670
     0.023058769887992     0.024168274466519    -0.012014160861098
     0.020809137021670    -0.012014160861098    -0.032761275769315
2 37
    -0.009713868267225    -0.000686851213305    -0.011182963388477
    -0.000686851213305    -0.008920760801063    -0.006456486922622
    -0.011182963388477    -0.006456486922622    -0.019241273371524
2 38
     0.010746041752377    -0.005485045375591    -0.019398002083729
    -0.005485045375591     0.004412456904318     0.011199441724981
    -0.019398002083729     0.011199441724981    -0.037328018168519
2 39
     0.010746041752385     0.005485045375356     0.019398002083566
     0.005485045375356     0.004412456904005     0.011199441724318
     0.019398002083566     0.011199441724318    -0.037328018169301
2 40
    -0.009713868267222     0.000686851213648     0.011182963388725
     0.000686851213648    -0.008920760801102    -0.006456486922955
     0.011182963388725    -0.006456486922955    -0.019241273371975
2 41
    -0.008524207068230     0.000000000000034     0.000000000000028
     0.000000000000034    -0.010110422000059     0.012912973845270
     0.000000000000028     0.012912973845270    -0.019241273371359
2 42
     0.037481261469648     0.000000000000034     0.000000000000028
     0.000000000000034    -0.015770686538427     0.024028321721444
     0.000000000000028     0.024028321721444    -0.032761275768169
2 43
    -0.008524207068230     0.000000000000034     0.000000000000028
     0.000000000000034    -0.010110422000059     0.012912973845270
     0.000000000000028     0.012912973845270    -0.019241273371359
2 44
    -0.034670708949189     0.000000000000034     0.000000000000028
     0.000000000000034    -0.034670708948628    -0.000000000000010
     0.000000000000028    -0.000000000000010    -0.034670708949123
2 45
     0.010746041752385     0.005485045375356     0.019398002083566
     0.005485045375356     0.004412456904005     0.011199441724318
     0.019398002083566     0.011199441724318    -0.037328018169301
2 46
     0.010746041752377    -0.005485045375591    -0.019398002083729
    -0.005485045375591     0.004412456904318     0.011199441724981
    -0.019398002083729     0.011199441724981    -0.037328018168519
2 47
    -0.009713868267225    -0.000686851213305    -0.011182963388477
    -0.000686851213305    -0.008920760801063    -0.006456486922622
    -0.011182963388477    -0.006456486922622    -0.019241273371524
2 48
    -0.009713868267222     0.000686851213648     0.011182963388725
     0.000686851213648    -0.008920760801102    -0.006456486922955
     0.011182963388725    -0.006456486922955    -0.019241273371975
2 49
    -0.033973461396795    -0.005701856969072    -0.019551311031722
    -0.005701856969072     0.019068605489357    -0.009793021264076
    -0.019551311031722    -0.009793021264076    -0.007264663605092
2 50
     0.016572671544395    -0.094774716790280    -0.120020145101693
    -0.094774716790280     0.126009088048246    -0.069293663077504
    -0.120020145101693    -0.069293663077504    -0.136141574823033
2 51
     0.016572671544463     0.094774716789890     0.120020145101384
     0.094774716789890     0.126009088042844    -0.069293663082835
     0.120020145101384    -0.069293663082835    -0.136141574827870
2 52
    -0.033973461396788     0.005701856970111     0.019551311032460
     0.005701856970111     0.019068605489032    -0.009793021264748
     0.019551311032460    -0.009793021264748    -0.007264663605880
2 53
    -0.077154537146707     0.043550044988030    -0.061589064261618
     0.043550044988030    -0.026867276754305     0.035558462831174
    -0.061589064261618     0.035558462831174    -0.052010906948044
2 54
     0.180727296299152    -0.000000000002536    -0.000000000001789
    -0.000000000002536    -0.038145536706546     0.138587326162492
    -0.000000000001789     0.138587326162492    -0.136141574821262
2 55
    -0.077154537146707    -0.043550044985763     0.061589064263229
    -0.043550044985763    -0.026867276751822     0.035558462830297
     0.061589064263229     0.035558462830297    -0.052010906950526
2 56
    -0.028372124743092     0.000000000000034     0.000000000000028
     0.000000000000034    -0.003494449441878     0.003556575725202
     0.000000000000028     0.003556575725202    -0.006009328254999
2 57
     0.010746041752385     0.020116960211280    -0.001294650320884
     0.020116960211280    -0.025650897659831     0.021828442662740
    -0.001294650320884     0.021828442662740    -0.007264663604823
2 58
     0.010746041752377    -0.020116960211519     0.001294650320727
    -0.020116960211519    -0.025650897658684     0.021828442663109
     0.001294650320727     0.021828442663109    -0.007264663604875
2 59
    -0.009713868267225    -0.010772349398694     0.003080084928589
    -0.010772349398694    -0.022152705917136    -0.001778287862792
     0.003080084928589    -0.001778287862792    -0.006009328255169
2 60
    -0.009713868267222     0.010772349399035    -0.003080084928338
     0.010772349399035    -0.022152705917750    -0.001778287862921
    -0.003080084928338    -0.001778287862921    -0.006009328255044
2 61
    -0.005929619524824     0.000000000000034     0.000000000000028
     0.000000000000034    -0.005929619524728    -0.000000000000010
     0.000000000000028    -0.000000000000010    -0.005929619524813
2 62
     0.000870135783469    -0.025818817180971    -0.018256660711268
    -0.025818817180971    -0.015774991689773    -0.012035421398246
    -0.018256660711268    -0.012035421398246    -0.007264663605163
2 63
    -0.001723646556887     0.000000000000034     0.000000000000028
     0.000000000000034    -0.102298167341646    -0.071116925663063
     0.000000000000028    -0.071116925663063    -0.052010906951435
2 64
     0.000870135783484     0.025818817181010     0.018256660711303
     0.025818817181010    -0.015774991691244    -0.012035421399286
     0.018256660711303    -0.012035421399286    -0.007264663605899
2 65
    -0.185199810577871     0.000000000002597     0.000000000001833
     0.000000000002597    -0.458879469005379    -0.193520742355044
     0.000000000001833    -0.193520742355044    -0.322039639798643
2 66
     0.052233963409975     0.062154321696355     0.043949742352482
     0.062154321696355    -0.019535665318306     0.025374395576297
     0.043949742352482     0.025374395576297    -0.037478072498852
2 67
