 128  128
1 1
     2.284360084409400    -0.000000000032302    -0.000000000022837
    -0.000000000032302     2.284360084372390     0.000000000022856
    -0.000000000022837     0.000000000022856     2.284360084405051
1 2
    -0.235565125269926     0.000000000003396     0.000000000002405
     0.000000000003396     0.100280202209255    -0.053452487133326
     0.000000000002405    -0.053452487133326     0.138076818333839
1 3
    -0.045054576743705     0.000000000000033     0.000000000000027
     0.000000000000033     0.013926163460680    -0.015714832059951
     0.000000000000027    -0.015714832059951     0.025038227775531
1 4
    -0.235565125269926     0.000000000003396     0.000000000002405
     0.000000000003396     0.100280202209255    -0.053452487133326
     0.000000000002405    -0.053452487133326     0.138076818333839
1 5
     0.016318870340639    -0.145425292669369    -0.046291211755747
    -0.145425292669369    -0.151603793393129     0.026726243567739
    -0.046291211755747     0.026726243567739     0.138076818336387
1 6
    -0.034215060556425    -0.018557589976244    -0.000303187991654
    -0.018557589976244    -0.012786601418321    -0.000175045668650
    -0.000303187991654    -0.000175045668650     0.023842543768642
1 7
    -0.034215060556418     0.018557589977283     0.000303187992401
     0.018557589977283    -0.012786601419379    -0.000175045669033
     0.000303187992401    -0.000175045669033     0.023842543768630
1 8
     0.016318870340707     0.145425292668945     0.046291211755496
     0.145425292668945    -0.151603793401419     0.026726243563489
     0.046291211755496     0.026726243563489     0.138076818334522
1 9
    -0.000819021590256    -0.025539409675350    -0.013609443780566
    -0.025539409675350    -0.030309391691335     0.007857416030176
    -0.013609443780566     0.007857416030176     0.025038227776280
1 10
    -0.002072371850375     0.000000000000033     0.000000000000027
     0.000000000000033    -0.044929290124375     0.000350091336942
     0.000000000000027     0.000350091336942     0.023842543768647
1 11
    -0.000819021590242     0.025539409675436     0.013609443780642
     0.025539409675436    -0.030309391692791     0.007857416029273
     0.013609443780642     0.007857416029273     0.025038227775731
1 12
    -0.002072371850375     0.000000000000033     0.000000000000027
     0.000000000000033    -0.044929290124375     0.000350091336942
     0.000000000000027     0.000350091336942     0.023842543768647
1 13
     0.016318870340639    -0.145425292669369    -0.046291211755747
    -0.145425292669369    -0.151603793393129     0.026726243567739
    -0.046291211755747     0.026726243567739     0.138076818336387
1 14
     0.016318870340707     0.145425292668945     0.046291211755496
     0.145425292668945    -0.151603793401419     0.026726243563489
     0.046291211755496     0.026726243563489     0.138076818334522
1 15
    -0.034215060556418     0.018557589977283     0.000303187992401
     0.018557589977283    -0.012786601419379    -0.000175045669033
     0.000303187992401    -0.000175045669033     0.023842543768630
1 16
    -0.034215060556425    -0.018557589976244    -0.000303187991654
    -0.018557589976244    -0.012786601418321    -0.000175045668650
    -0.000303187991654    -0.000175045668650     0.023842543768642
1 17
     0.016318870340639    -0.092118870543867    -0.121677876887211
    -0.092118870543867     0.122688579753861    -0.070250754970161
    -0.121677876887211    -0.070250754970161    -0.136215554816466
1 18
    -0.034215060556425    -0.006471711705069    -0.017395200955939
    -0.006471711705069     0.019662615654930    -0.011647576386748
    -0.017395200955939    -0.011647576386748    -0.008606673305302
1 19
    -0.034215060556418     0.006471711706113     0.017395200956679
     0.006471711706113     0.019662615654561    -0.011647576387374
     0.017395200956679    -0.011647576387374    -0.008606673306003
1 20
     0.016318870340707     0.092118870543482     0.121677876886905
     0.092118870543482     0.122688579748610    -0.070250754975486
     0.121677876886905    -0.070250754975486    -0.136215554821371
1 21
     0.000588529859127    -0.026565574000591    -0.018784697522330
    -0.026565574000591    -0.015140974759489    -0.009240897737920
    -0.018784697522330    -0.009240897737920    -0.008606673305225
1 22
    -0.007761366167077     0.000000000000033     0.000000000000027
     0.000000000000033    -0.007761366166951    -0.000000000000009
     0.000000000000027    -0.000000000000009    -0.007761366167062
1 23
     0.000588529859142     0.026565574000637     0.018784697522370
     0.026565574000637    -0.015140974761004    -0.009240897738991
     0.018784697522370    -0.009240897738991    -0.008606673305983
1 24
     0.000477539562444     0.000000000000033     0.000000000000027
     0.000000000000033    -0.096293190388868    -0.068427239370410
     0.000000000000027    -0.068427239370410    -0.047907825415285
1 25
     0.011797863345245    -0.020093862295159    -0.001389496566132
    -0.020093862295159    -0.026350308245611     0.020888474125494
    -0.001389496566132     0.020888474125494    -0.008606673304969
1 26
     0.011797863345253     0.020093862294888     0.001389496565951
     0.020093862294888    -0.026350308246756     0.020888474125050
     0.001389496565951     0.020888474125050    -0.008606673305025
1 27
    -0.011177009975896     0.013190059909497    -0.002777680583468
     0.013190059909497    -0.026407579254501    -0.001603694633100
    -0.002777680583468    -0.001603694633100    -0.005829692036071
1 28
    -0.011177009975900    -0.013190059909117     0.002777680583747
    -0.013190059909117    -0.026407579253749    -0.001603694632913
     0.002777680583747    -0.001603694632913    -0.005829692036183
1 29
     0.175873434459484    -0.000000000002467    -0.000000000001741
    -0.000000000002467    -0.036865984365019     0.140501509947750
    -0.000000000001741     0.140501509947750    -0.136215554814671
1 30
    -0.072100507902217     0.041902955241705    -0.059259727604073
     0.041902955241705    -0.023715142926591     0.034213619684895
    -0.059259727604073     0.034213619684895    -0.047907825412022
1 31
    -0.034022863893880     0.000000000000033     0.000000000000027
     0.000000000000033    -0.003561725336514     0.003207389265420
     0.000000000000027     0.003207389265420    -0.005829692036030
1 32
    -0.072100507902217    -0.041902955239583     0.059259727605581
    -0.041902955239583    -0.023715142924203     0.034213619684051
     0.059259727605581     0.034213619684051    -0.047907825414410
1 33
    -0.000819021590256    -0.021344243205339    -0.019542305098869
    -0.021344243205339     0.023827187530732    -0.011282755108494
    -0.019542305098869    -0.011282755108494    -0.029098351446945
1 34
    -0.002072371850375     0.000000000000033     0.000000000000027
     0.000000000000033     0.016421275076860    -0.021340609004300
     0.000000000000027    -0.021340609004300    -0.037508021433900
1 35
    -0.000819021590242     0.021344243205432     0.019542305098934
     0.021344243205432     0.023827187529515    -0.011282755109481
     0.019542305098934    -0.011282755109481    -0.029098351447732
1 36
    -0.002072371850375     0.000000000000033     0.000000000000027
     0.000000000000033     0.016421275076860    -0.021340609004300
     0.000000000000027    -0.021340609004300    -0.037508021433900
1 37
     0.011797863345245    -0.008007984023985    -0.018481509530416
    -0.008007984023985     0.002551039881685     0.010670304502593
    -0.018481509530416     0.010670304502593    -0.037508021432882
1 38
     0.011797863345253     0.008007984023717     0.018481509530230
     0.008007984023717     0.002551039881228     0.010670304501905
     0.018481509530230     0.010670304501905    -0.037508021433627
1 39
    -0.011177009975896     0.001777864267668     0.013361601269662
     0.001777864267668    -0.009124109148962    -0.007714324089999
     0.013361601269662    -0.007714324089999    -0.023113162141980
1 40
    -0.011177009975900    -0.001777864267285    -0.013361601269386
    -0.001777864267285    -0.009124109148861    -0.007714324089582
    -0.013361601269386    -0.007714324089582    -0.023113162141441
1 41
     0.036150292090887     0.000000000000033     0.000000000000027
     0.000000000000033    -0.013142126150418     0.022565510218303
     0.000000000000027     0.022565510218303    -0.029098351446656
1 42
    -0.008097658735641     0.000000000000033     0.000000000000027
     0.000000000000033    -0.012203460389122     0.015428648179252
     0.000000000000027     0.015428648179252    -0.023113162141244
1 43
    -0.019447316167332     0.000000000000033     0.000000000000027
     0.000000000000033    -0.019447316167016    -0.000000000000009
     0.000000000000027    -0.000000000000009    -0.019447316167295
1 44
    -0.008097658735641     0.000000000000033     0.000000000000027
     0.000000000000033    -0.012203460389122     0.015428648179252
     0.000000000000027     0.015428648179252    -0.023113162141244
1 45
     0.011797863345245    -0.008007984023985    -0.018481509530416
    -0.008007984023985     0.002551039881685     0.010670304502593
    -0.018481509530416     0.010670304502593    -0.037508021432882
1 46
    -0.011177009975900    -0.001777864267285    -0.013361601269386
    -0.001777864267285    -0.009124109148861    -0.007714324089582
    -0.013361601269386    -0.007714324089582    -0.023113162141441
1 47
    -0.011177009975896     0.001777864267668     0.013361601269662
     0.001777864267668    -0.009124109148962    -0.007714324089999
     0.013361601269662    -0.007714324089999    -0.023113162141980
1 48
     0.011797863345253     0.008007984023717     0.018481509530230
     0.008007984023717     0.002551039881228     0.010670304501905
     0.018481509530230     0.010670304501905    -0.037508021433627
1 49
     0.016318870340639    -0.092118870543867    -0.121677876887211
    -0.092118870543867     0.122688579753861    -0.070250754970161
    -0.121677876887211    -0.070250754970161    -0.136215554816466
1 50
     0.016318870340707     0.092118870543482     0.121677876886905
     0.092118870543482     0.122688579748610    -0.070250754975486
     0.121677876886905    -0.070250754975486    -0.136215554821371
1 51
    -0.034215060556418     0.006471711706113     0.017395200956679
     0.006471711706113     0.019662615654561    -0.011647576387374
     0.017395200956679    -0.011647576387374    -0.008606673306003
1 52
    -0.034215060556425    -0.006471711705069    -0.017395200955939
    -0.006471711705069     0.019662615654930    -0.011647576386748
    -0.017395200955939    -0.011647576386748    -0.008606673305302
1 53
     0.175873434459484    -0.000000000002467    -0.000000000001741
    -0.000000000002467    -0.036865984365019     0.140501509947750
    -0.000000000001741     0.140501509947750    -0.136215554814671
1 54
    -0.072100507902217    -0.041902955239583     0.059259727605581
    -0.041902955239583    -0.023715142924203     0.034213619684051
     0.059259727605581     0.034213619684051    -0.047907825414410
1 55
    -0.034022863893880     0.000000000000033     0.000000000000027
     0.000000000000033    -0.003561725336514     0.003207389265420
     0.000000000000027     0.003207389265420    -0.005829692036030
1 56
    -0.072100507902217     0.041902955241705    -0.059259727604073
     0.041902955241705    -0.023715142926591     0.034213619684895
    -0.059259727604073     0.034213619684895    -0.047907825412022
1 57
     0.011797863345245    -0.020093862295159    -0.001389496566132
    -0.020093862295159    -0.026350308245611     0.020888474125494
    -0.001389496566132     0.020888474125494    -0.008606673304969
1 58
    -0.011177009975900    -0.013190059909117     0.002777680583747
    -0.013190059909117    -0.026407579253749    -0.001603694632913
     0.002777680583747    -0.001603694632913    -0.005829692036183
1 59
    -0.011177009975896     0.013190059909497    -0.002777680583468
     0.013190059909497    -0.026407579254501    -0.001603694633100
    -0.002777680583468    -0.001603694633100    -0.005829692036071
1 60
     0.011797863345253     0.020093862294888     0.001389496565951
     0.020093862294888    -0.026350308246756     0.020888474125050
     0.001389496565951     0.020888474125050    -0.008606673305025
1 61
     0.000588529859127    -0.026565574000591    -0.018784697522330
    -0.026565574000591    -0.015140974759489    -0.009240897737920
    -0.018784697522330    -0.009240897737920    -0.008606673305226
1 62
     0.000477539562444     0.000000000000033     0.000000000000027
     0.000000000000033    -0.096293190388868    -0.068427239370410
     0.000000000000027    -0.068427239370410    -0.047907825415285
1 63
     0.000588529859142     0.026565574000637     0.018784697522370
     0.026565574000637    -0.015140974761004    -0.009240897738991
     0.018784697522370    -0.009240897738991    -0.008606673305983
1 64
    -0.007761366167077     0.000000000000033     0.000000000000027
     0.000000000000033    -0.007761366166951    -0.000000000000009
     0.000000000000027    -0.000000000000009    -0.007761366167062
1 65
     0.048644441686106     0.060005719496775     0.042430451167054
     0.060005719496775    -0.020644194925399     0.024497232401445
     0.042430451167054     0.024497232401445    -0.037966354076837
1 66
     0.032534676198260     0.000000000000014     0.000000000000006
     0.000000000000014    -0.003586530056888     0.005520225336775
     0.000000000000006     0.005520225336775    -0.007489918826198
1 67
     0.048644441686072    -0.060005719498134    -0.042430451168022
    -0.060005719498134    -0.020644194921979     0.024497232403864
    -0.042430451168022     0.024497232403864    -0.037966354075127
1 68
    -0.167798863114242     0.000000000002337     0.000000000001649
     0.000000000002337    -0.534989236883233    -0.259642803287655
     0.000000000001649    -0.259642803287655    -0.351394050007653
1 69
     0.005443771506859     0.015640941115984     0.004780655376446
     0.015640941115984     0.023504374633633    -0.002760112668405
     0.004780655376446    -0.002760112668405    -0.007489918826461
1 70
     0.005443771506852    -0.015640941116107    -0.004780655376545
    -0.015640941116107     0.023504374634524    -0.002760112667954
    -0.004780655376545    -0.002760112667954    -0.007489918826268
1 71
    -0.006995154091893    -0.015784450546572    -0.006398510122283
    -0.032414445280366     0.055156574393272     0.006998276468955
    -0.018157692169894     0.027365777230417    -0.013771962935214
1 72
    -0.006995154091881     0.015784450546814     0.006398510122436
     0.032414445280605     0.055156574391899     0.006998276468119
     0.018157692170051     0.027365777229581    -0.013771962935709
1 73
    -0.055288513229075     0.000000000000014     0.000000000000006
     0.000000000000014     0.083288759989801    -0.048994464804901
     0.000000000000006    -0.048994464804901    -0.037966354077463
1 74
     0.018747908161615    -0.047277209202447     0.002861430142272
    -0.030647214468654     0.029413512140609    -0.009040410545589
     0.014620612189883    -0.029407911307051    -0.013771962936372
1 75
     0.021014580130945     0.000000000000014     0.000000000000006
     0.000000000000014     0.021014580130604    -0.000000000000008
     0.000000000000006    -0.000000000000008    -0.007997247315494
1 76
     0.018747908161628     0.047277209201942    -0.002861430142641
     0.030647214468152     0.029413512138389    -0.009040410546125
    -0.014620612190256    -0.029407911307587    -0.013771962936019
1 77
    -0.443191643447512     0.158998095863334    -0.224857263548019
     0.158998095863334    -0.259596456559008     0.129821401640142
    -0.224857263548019     0.129821401640142    -0.351394049995272
1 78
     0.060489376382657    -0.006547766555661     0.009259940264464
    -0.023177761289456    -0.012327956080440     0.002042134078129
     0.032778304359187     0.002042134077626    -0.013771962936190
1 79
     0.060489376382657     0.006547766553963    -0.009259940265672
     0.023177761287758    -0.012327956081287     0.002042134077926
    -0.032778304360395     0.002042134078429    -0.013771962935343
1 80
    -0.443191643447512    -0.158998095850707     0.224857263556940
    -0.158998095850707    -0.259596456549945     0.129821401636938
     0.224857263556940     0.129821401636938    -0.351394050004336
1 81
     0.005443771506859     0.009720892152085     0.013152868911105
     0.009720892152085    -0.005780947895033     0.007593812405998
     0.013152868911105     0.007593812405998     0.021795403702831
1 82
     0.005443771506852    -0.009720892152212    -0.013152868911198
    -0.009720892152212    -0.005780947894479     0.007593812406569
    -0.013152868911198     0.007593812406569     0.021795403703361
1 83
    -0.006995154091893    -0.011294056711270    -0.012748885984564
    -0.027924051445060     0.004686343611785     0.045209698446852
    -0.024508068032179     0.024842197685389     0.036698267847352
1 84
    -0.006995154091881     0.011294056711501     0.012748885984731
     0.027924051445295     0.004686343610667     0.045209698445926
     0.024508068032342     0.024842197684463     0.036698267846602
1 85
    -0.011393307595700     0.000000000000014     0.000000000000006
     0.000000000000014     0.011056131207531    -0.015187624812600
     0.000000000000006    -0.015187624812600     0.021795403702637
1 86
     0.001673361833306    -0.011166657590513    -0.007896019305613
    -0.011166657590513     0.014567507365149    -0.004558768871152
    -0.007896019305613    -0.004558768871152     0.017791043748039
1 87
     0.007702183714243     0.000000000000014     0.000000000000006
     0.000000000000014     0.019377825403232     0.008255925413323
     0.000000000000006     0.008255925413323     0.013540004559035
1 88
     0.001673361833312     0.011166657590496     0.007896019305593
     0.011166657590496     0.014567507364513    -0.004558768871602
     0.007896019305593    -0.004558768871602     0.017791043747721
1 89
    -0.015215969790605    -0.023177761288377     0.032778304359950
    -0.006547766554582     0.012907159310244    -0.033645708355926
     0.009259940265226    -0.033645708355423     0.036698267845169
1 90
     0.016458914981221    -0.005055701154390     0.007149841139374
    -0.005055701154390     0.010621094136541    -0.004127962706521
     0.007149841139374    -0.004127962706521     0.013540004558642
1 91
     0.016458914981221     0.005055701153951    -0.007149841139692
     0.005055701153951     0.010621094136253    -0.004127962706419
    -0.007149841139692    -0.004127962706419     0.013540004558930
1 92
    -0.015215969790605     0.023177761288836    -0.032778304359632
     0.006547766555042     0.012907159309396    -0.033645708355123
    -0.009259940264909    -0.033645708355626     0.036698267846017
1 93
     0.018747908161628     0.013061287523214     0.045527190344509
    -0.003568707210580    -0.021056718641996    -0.011563990091543
     0.033768008296898     0.008803510669920     0.036698267845444
1 94
     0.021014580130945     0.000000000000014     0.000000000000006
     0.000000000000014    -0.004773710932493     0.009117537742972
     0.000000000000006     0.009117537742972     0.017791043748156
1 95
     0.018747908161615    -0.013061287523723    -0.045527190344872
     0.003568707210068    -0.021056718641725    -0.011563990090317
    -0.033768008297257     0.008803510671145     0.036698267847042
1 96
    -0.055288513229075     0.000000000000014     0.000000000000006
     0.000000000000014    -0.055288513228179    -0.000000000000008
     0.000000000000006    -0.000000000000008     0.100610919143480
1 97
    -0.055288513229075     0.000000000000014     0.000000000000006
     0.000000000000014    -0.055288513228179    -0.000000000000008
     0.000000000000006    -0.000000000000008     0.100610919143480
1 98
     0.018747908161615    -0.013061287523723    -0.045527190344872
     0.003568707210068    -0.021056718641725    -0.011563990090317
    -0.033768008297257     0.008803510671145     0.036698267847042
1 99
     0.021014580130945     0.000000000000014     0.000000000000006
     0.000000000000014    -0.004773710932493     0.009117537742972
     0.000000000000006     0.009117537742972     0.017791043748156
1 100
     0.018747908161628     0.013061287523214     0.045527190344509
    -0.003568707210580    -0.021056718641996    -0.011563990091543
     0.033768008296898     0.008803510669920     0.036698267845444
1 101
    -0.015215969790605     0.023177761288836    -0.032778304359632
     0.006547766555042     0.012907159309396    -0.033645708355123
    -0.009259940264909    -0.033645708355626     0.036698267846017
1 102
     0.016458914981221     0.005055701153951    -0.007149841139692
     0.005055701153951     0.010621094136253    -0.004127962706419
    -0.007149841139692    -0.004127962706419     0.013540004558930
1 103
     0.016458914981221    -0.005055701154390     0.007149841139374
    -0.005055701154390     0.010621094136541    -0.004127962706521
     0.007149841139374    -0.004127962706521     0.013540004558642
1 104
    -0.015215969790605    -0.023177761288377     0.032778304359950
    -0.006547766554582     0.012907159310244    -0.033645708355926
     0.009259940265226    -0.033645708355423     0.036698267845169
1 105
     0.001673361833312     0.011166657590496     0.007896019305593
     0.011166657590496     0.014567507364513    -0.004558768871602
     0.007896019305593    -0.004558768871602     0.017791043747721
1 106
     0.007702183714243     0.000000000000014     0.000000000000006
     0.000000000000014     0.019377825403232     0.008255925413323
     0.000000000000006     0.008255925413323     0.013540004559035
1 107
     0.001673361833306    -0.011166657590513    -0.007896019305613
    -0.011166657590513     0.014567507365149    -0.004558768871152
    -0.007896019305613    -0.004558768871152     0.017791043748039
1 108
    -0.011393307595700     0.000000000000014     0.000000000000006
     0.000000000000014     0.011056131207531    -0.015187624812600
     0.000000000000006    -0.015187624812600     0.021795403702637
1 109
    -0.006995154091881     0.011294056711501     0.012748885984731
     0.027924051445295     0.004686343610667     0.045209698445926
     0.024508068032342     0.024842197684463     0.036698267846602
1 110
    -0.006995154091893    -0.011294056711270    -0.012748885984564
    -0.027924051445060     0.004686343611785     0.045209698446852
    -0.024508068032179     0.024842197685389     0.036698267847352
1 111
     0.005443771506852    -0.009720892152212    -0.013152868911198
    -0.009720892152212    -0.005780947894479     0.007593812406569
    -0.013152868911198     0.007593812406569     0.021795403703361
1 112
     0.005443771506859     0.009720892152085     0.013152868911105
     0.009720892152085    -0.005780947895033     0.007593812405998
     0.013152868911105     0.007593812405998     0.021795403702831
1 113
    -0.443191643447512    -0.158998095850707     0.224857263556940
    -0.158998095850707    -0.259596456549945     0.129821401636938
     0.224857263556940     0.129821401636938    -0.351394050004336
1 114
     0.060489376382657     0.006547766553963    -0.009259940265672
     0.023177761287758    -0.012327956081287     0.002042134077926
    -0.032778304360395     0.002042134078429    -0.013771962935343
1 115
     0.060489376382657    -0.006547766555661     0.009259940264464
    -0.023177761289456    -0.012327956080440     0.002042134078129
     0.032778304359187     0.002042134077626    -0.013771962936190
1 116
    -0.443191643447512     0.158998095863334    -0.224857263548019
     0.158998095863334    -0.259596456559008     0.129821401640142
    -0.224857263548019     0.129821401640142    -0.351394049995272
1 117
     0.018747908161628     0.047277209201942    -0.002861430142641
     0.030647214468152     0.029413512138389    -0.009040410546125
    -0.014620612190256    -0.029407911307587    -0.013771962936019
1 118
     0.021014580130945     0.000000000000014     0.000000000000006
     0.000000000000014     0.021014580130604    -0.000000000000008
     0.000000000000006    -0.000000000000008    -0.007997247315494
1 119
     0.018747908161615    -0.047277209202447     0.002861430142272
    -0.030647214468654     0.029413512140609    -0.009040410545589
     0.014620612189883    -0.029407911307051    -0.013771962936372
1 120
    -0.055288513229075     0.000000000000014     0.000000000000006
     0.000000000000014     0.083288759989801    -0.048994464804901
     0.000000000000006    -0.048994464804901    -0.037966354077463
1 121
    -0.006995154091881     0.015784450546814     0.006398510122436
     0.032414445280605     0.055156574391899     0.006998276468119
     0.018157692170051     0.027365777229581    -0.013771962935709
1 122
    -0.006995154091893    -0.015784450546572    -0.006398510122283
    -0.032414445280366     0.055156574393272     0.006998276468955
    -0.018157692169894     0.027365777230417    -0.013771962935214
1 123
     0.005443771506852    -0.015640941116107    -0.004780655376545
    -0.015640941116107     0.023504374634524    -0.002760112667954
    -0.004780655376545    -0.002760112667954    -0.007489918826268
1 124
     0.005443771506859     0.015640941115984     0.004780655376446
     0.015640941115984     0.023504374633632    -0.002760112668405
     0.004780655376446    -0.002760112668405    -0.007489918826461
1 125
    -0.167798863114242     0.000000000002337     0.000000000001649
     0.000000000002337    -0.534989236883233    -0.259642803287655
     0.000000000001649    -0.259642803287655    -0.351394050007653
1 126
     0.048644441686072    -0.060005719498134    -0.042430451168022
    -0.060005719498134    -0.020644194921979     0.024497232403864
    -0.042430451168022     0.024497232403864    -0.037966354075127
1 127
     0.032534676198260     0.000000000000014     0.000000000000006
     0.000000000000014    -0.003586530056888     0.005520225336775
     0.000000000000006     0.005520225336775    -0.007489918826198
1 128
     0.048644441686106     0.060005719496775     0.042430451167054
     0.060005719496775    -0.020644194925399     0.024497232401445
     0.042430451167054     0.024497232401445    -0.037966354076837
2 1
    -0.235565125269926     0.000000000003396     0.000000000002405
     0.000000000003396     0.100280202209255    -0.053452487133326
     0.000000000002405    -0.053452487133326     0.138076818333839
2 2
     2.284360084409400    -0.000000000032302    -0.000000000022837
    -0.000000000032302     2.284360084372389     0.000000000022856
    -0.000000000022837     0.000000000022856     2.284360084405052
2 3
    -0.235565125269926     0.000000000003396     0.000000000002405
     0.000000000003396     0.100280202209255    -0.053452487133326
     0.000000000002405    -0.053452487133326     0.138076818333839
2 4
    -0.045054576743705     0.000000000000033     0.000000000000027
     0.000000000000033     0.013926163460680    -0.015714832059951
     0.000000000000027    -0.015714832059951     0.025038227775531
2 5
     0.016318870340707     0.145425292668945     0.046291211755496
     0.145425292668945    -0.151603793401419     0.026726243563489
     0.046291211755496     0.026726243563489     0.138076818334521
2 6
     0.016318870340639    -0.145425292669369    -0.046291211755747
    -0.145425292669369    -0.151603793393129     0.026726243567739
    -0.046291211755747     0.026726243567739     0.138076818336387
2 7
    -0.034215060556425    -0.018557589976244    -0.000303187991654
    -0.018557589976244    -0.012786601418321    -0.000175045668650
    -0.000303187991654    -0.000175045668650     0.023842543768642
2 8
    -0.034215060556418     0.018557589977283     0.000303187992401
     0.018557589977283    -0.012786601419379    -0.000175045669033
     0.000303187992401    -0.000175045669033     0.023842543768630
2 9
    -0.002072371850375     0.000000000000033     0.000000000000027
     0.000000000000033    -0.044929290124375     0.000350091336942
     0.000000000000027     0.000350091336942     0.023842543768647
2 10
    -0.000819021590256    -0.025539409675350    -0.013609443780566
    -0.025539409675350    -0.030309391691335     0.007857416030176
    -0.013609443780566     0.007857416030176     0.025038227776280
2 11
    -0.002072371850375     0.000000000000033     0.000000000000027
     0.000000000000033    -0.044929290124375     0.000350091336942
     0.000000000000027     0.000350091336942     0.023842543768647
2 12
    -0.000819021590242     0.025539409675436     0.013609443780642
     0.025539409675436    -0.030309391692791     0.007857416029273
     0.013609443780642     0.007857416029273     0.025038227775731
2 13
    -0.034215060556425    -0.018557589976244    -0.000303187991654
    -0.018557589976244    -0.012786601418321    -0.000175045668650
    -0.000303187991654    -0.000175045668650     0.023842543768642
2 14
     0.016318870340639    -0.145425292669369    -0.046291211755747
    -0.145425292669369    -0.151603793393129     0.026726243567739
    -0.046291211755747     0.026726243567739     0.138076818336387
2 15
     0.016318870340707     0.145425292668945     0.046291211755496
     0.145425292668945    -0.151603793401419     0.026726243563489
     0.046291211755496     0.026726243563489     0.138076818334521
2 16
    -0.034215060556418     0.018557589977283     0.000303187992401
     0.018557589977283    -0.012786601419379    -0.000175045669033
     0.000303187992401    -0.000175045669033     0.023842543768630
2 17
     0.016318870340707     0.092118870543482     0.121677876886905
     0.092118870543482     0.122688579748610    -0.070250754975486
     0.121677876886905    -0.070250754975486    -0.136215554821371
2 18
     0.016318870340639    -0.092118870543867    -0.121677876887211
    -0.092118870543867     0.122688579753861    -0.070250754970161
    -0.121677876887211    -0.070250754970161    -0.136215554816466
2 19
    -0.034215060556425    -0.006471711705069    -0.017395200955939
    -0.006471711705069     0.019662615654930    -0.011647576386748
    -0.017395200955939    -0.011647576386748    -0.008606673305302
2 20
    -0.034215060556418     0.006471711706113     0.017395200956679
     0.006471711706113     0.019662615654561    -0.011647576387374
     0.017395200956679    -0.011647576387374    -0.008606673306003
2 21
     0.000477539562444     0.000000000000033     0.000000000000027
     0.000000000000033    -0.096293190388868    -0.068427239370410
     0.000000000000027    -0.068427239370410    -0.047907825415285
2 22
     0.000588529859127    -0.026565574000591    -0.018784697522330
    -0.026565574000591    -0.015140974759489    -0.009240897737920
    -0.018784697522330    -0.009240897737920    -0.008606673305225
2 23
    -0.007761366167077     0.000000000000033     0.000000000000027
     0.000000000000033    -0.007761366166951    -0.000000000000009
     0.000000000000027    -0.000000000000009    -0.007761366167062
2 24
     0.000588529859142     0.026565574000637     0.018784697522370
     0.026565574000637    -0.015140974761004    -0.009240897738991
     0.018784697522370    -0.009240897738991    -0.008606673305983
2 25
    -0.011177009975900    -0.013190059909117     0.002777680583747
    -0.013190059909117    -0.026407579253749    -0.001603694632913
     0.002777680583747    -0.001603694632913    -0.005829692036183
2 26
     0.011797863345245    -0.020093862295159    -0.001389496566132
    -0.020093862295159    -0.026350308245611     0.020888474125494
    -0.001389496566132     0.020888474125494    -0.008606673304969
2 27
     0.011797863345253     0.020093862294888     0.001389496565951
     0.020093862294888    -0.026350308246756     0.020888474125050
     0.001389496565951     0.020888474125050    -0.008606673305025
2 28
    -0.011177009975896     0.013190059909497    -0.002777680583468
     0.013190059909497    -0.026407579254501    -0.001603694633100
    -0.002777680583468    -0.001603694633100    -0.005829692036071
2 29
    -0.072100507902217    -0.041902955239583     0.059259727605581
    -0.041902955239583    -0.023715142924203     0.034213619684051
     0.059259727605581     0.034213619684051    -0.047907825414410
2 30
     0.175873434459484    -0.000000000002467    -0.000000000001741
    -0.000000000002467    -0.036865984365019     0.140501509947750
    -0.000000000001741     0.140501509947750    -0.136215554814671
2 31
    -0.072100507902217     0.041902955241705    -0.059259727604073
     0.041902955241705    -0.023715142926591     0.034213619684895
    -0.059259727604073     0.034213619684895    -0.047907825412022
2 32
    -0.034022863893880     0.000000000000033     0.000000000000027
     0.000000000000033    -0.003561725336514     0.003207389265420
     0.000000000000027     0.003207389265420    -0.005829692036030
2 33
    -0.002072371850375     0.000000000000033     0.000000000000027
     0.000000000000033     0.016421275076860    -0.021340609004300
     0.000000000000027    -0.021340609004300    -0.037508021433900
2 34
    -0.000819021590256    -0.021344243205339    -0.019542305098869
    -0.021344243205339     0.023827187530732    -0.011282755108494
    -0.019542305098869    -0.011282755108494    -0.029098351446945
2 35
    -0.002072371850375     0.000000000000033     0.000000000000027
     0.000000000000033     0.016421275076860    -0.021340609004300
     0.000000000000027    -0.021340609004300    -0.037508021433900
2 36
    -0.000819021590242     0.021344243205432     0.019542305098934
     0.021344243205432     0.023827187529515    -0.011282755109481
     0.019542305098934    -0.011282755109481    -0.029098351447732
2 37
    -0.011177009975900    -0.001777864267285    -0.013361601269386
    -0.001777864267285    -0.009124109148861    -0.007714324089582
    -0.013361601269386    -0.007714324089582    -0.023113162141441
2 38
     0.011797863345245    -0.008007984023985    -0.018481509530416
    -0.008007984023985     0.002551039881685     0.010670304502593
    -0.018481509530416     0.010670304502593    -0.037508021432882
2 39
     0.011797863345253     0.008007984023717     0.018481509530230
     0.008007984023717     0.002551039881228     0.010670304501905
     0.018481509530230     0.010670304501905    -0.037508021433627
2 40
    -0.011177009975896     0.001777864267668     0.013361601269662
     0.001777864267668    -0.009124109148962    -0.007714324089999
     0.013361601269662    -0.007714324089999    -0.023113162141980
2 41
    -0.008097658735641     0.000000000000033     0.000000000000027
     0.000000000000033    -0.012203460389122     0.015428648179252
     0.000000000000027     0.015428648179252    -0.023113162141244
2 42
     0.036150292090887     0.000000000000033     0.000000000000027
     0.000000000000033    -0.013142126150418     0.022565510218303
     0.000000000000027     0.022565510218303    -0.029098351446656
2 43
    -0.008097658735641     0.000000000000033     0.000000000000027
     0.000000000000033    -0.012203460389122     0.015428648179252
     0.000000000000027     0.015428648179252    -0.023113162141244
2 44
    -0.019447316167332     0.000000000000033     0.000000000000027
     0.000000000000033    -0.019447316167016    -0.000000000000009
     0.000000000000027    -0.000000000000009    -0.019447316167295
2 45
     0.011797863345253     0.008007984023717     0.018481509530230
     0.008007984023717     0.002551039881228     0.010670304501905
     0.018481509530230     0.010670304501905    -0.037508021433627
2 46
     0.011797863345245    -0.008007984023985    -0.018481509530416
    -0.008007984023985     0.002551039881685     0.010670304502593
    -0.018481509530416     0.010670304502593    -0.037508021432882
2 47
    -0.011177009975900    -0.001777864267285    -0.013361601269386
    -0.001777864267285    -0.009124109148861    -0.007714324089582
    -0.013361601269386    -0.007714324089582    -0.023113162141441
2 48
    -0.011177009975896     0.001777864267668     0.013361601269662
     0.001777864267668    -0.009124109148962    -0.007714324089999
     0.013361601269662    -0.007714324089999    -0.023113162141980
2 49
    -0.034215060556425    -0.006471711705069    -0.017395200955939
    -0.006471711705069     0.019662615654930    -0.011647576386748
    -0.017395200955939    -0.011647576386748    -0.008606673305302
2 50
     0.016318870340639    -0.092118870543867    -0.121677876887211
    -0.092118870543867     0.122688579753861    -0.070250754970161
    -0.121677876887211    -0.070250754970161    -0.136215554816466
2 51
     0.016318870340707     0.092118870543482     0.121677876886905
     0.092118870543482     0.122688579748610    -0.070250754975486
     0.121677876886905    -0.070250754975486    -0.136215554821371
2 52
    -0.034215060556418     0.006471711706113     0.017395200956679
     0.006471711706113     0.019662615654561    -0.011647576387374
     0.017395200956679    -0.011647576387374    -0.008606673306003
2 53
    -0.072100507902217     0.041902955241705    -0.059259727604073
     0.041902955241705    -0.023715142926591     0.034213619684895
    -0.059259727604073     0.034213619684895    -0.047907825412022
2 54
     0.175873434459484    -0.000000000002467    -0.000000000001741
    -0.000000000002467    -0.036865984365019     0.140501509947750
    -0.000000000001741     0.140501509947750    -0.136215554814671
2 55
    -0.072100507902217    -0.041902955239583     0.059259727605581
    -0.041902955239583    -0.023715142924203     0.034213619684051
     0.059259727605581     0.034213619684051    -0.047907825414410
2 56
    -0.034022863893880     0.000000000000033     0.000000000000027
     0.000000000000033    -0.003561725336514     0.003207389265420
     0.000000000000027     0.003207389265420    -0.005829692036030
2 57
     0.011797863345253     0.020093862294888     0.001389496565951
     0.020093862294888    -0.026350308246756     0.020888474125050
     0.001389496565951     0.020888474125050    -0.008606673305025
2 58
     0.011797863345245    -0.020093862295159    -0.001389496566132
    -0.020093862295159    -0.026350308245611     0.020888474125494
    -0.001389496566132     0.020888474125494    -0.008606673304969
2 59
    -0.011177009975900    -0.013190059909117     0.002777680583747
    -0.013190059909117    -0.026407579253749    -0.001603694632913
     0.002777680583747    -0.001603694632913    -0.005829692036183
2 60
    -0.011177009975896     0.013190059909497    -0.002777680583468
     0.013190059909497    -0.026407579254501    -0.001603694633100
    -0.002777680583468    -0.001603694633100    -0.005829692036071
2 61
    -0.007761366167077     0.000000000000033     0.000000000000027
     0.000000000000033    -0.007761366166951    -0.000000000000009
     0.000000000000027    -0.000000000000009    -0.007761366167062
2 62
     0.000588529859127    -0.026565574000591    -0.018784697522330
    -0.026565574000591    -0.015140974759489    -0.009240897737920
    -0.018784697522330    -0.009240897737920    -0.008606673305226
2 63
     0.000477539562444     0.000000000000033     0.000000000000027
     0.000000000000033    -0.096293190388868    -0.068427239370410
     0.000000000000027    -0.068427239370410    -0.047907825415285
2 64
     0.000588529859142     0.026565574000637     0.018784697522370
     0.026565574000637    -0.015140974761004    -0.009240897738991
     0.018784697522370    -0.009240897738991    -0.008606673305983
2 65
    -0.167798863114242     0.000000000002337     0.000000000001649
     0.000000000002337    -0.534989236883233    -0.259642803287655
     0.000000000001649    -0.259642803287655    -0.351394050007653
2 66
     0.048644441686106     0.060005719496775     0.042430451167054
     0.060005719496775    -0.020644194925399     0.024497232401445
     0.042430451167054     0.024497232401445    -0.037966354076837
2 67
