 128  128
1 1
     2.139298272162302    -0.000000000030248    -0.000000000021385
    -0.000000000030248     2.139298272127642     0.000000000021403
    -0.000000000021385     0.000000000021403     2.139298272158231
1 2
    -0.235833518806208     0.000000000003400     0.000000000002408
     0.000000000003400     0.099053283188809    -0.055432138448557
     0.000000000002408    -0.055432138448557     0.138249724182720
1 3
    -0.049598359895812     0.000000000000033     0.000000000000027
     0.000000000000033     0.014440521464865    -0.017311806572584
     0.000000000000027    -0.017311806572584     0.026681817286967
1 4
    -0.235833518806208     0.000000000003400     0.000000000002408
     0.000000000003400     0.099053283188809    -0.055432138448557
     0.000000000002408    -0.055432138448557     0.138249724182720
1 5
     0.015331582691218    -0.145010238959619    -0.048005640085361
    -0.145010238959619    -0.152111818300461     0.027716069225363
    -0.048005640085361     0.027716069225363     0.138249724185363
1 6
    -0.034054236924754    -0.019396611944618    -0.000197943165393
    -0.019396611944618    -0.011656958668046    -0.000114282539855
    -0.000197943165393    -0.000114282539855     0.022685106441965
1 7
    -0.034054236924746     0.019396611945653     0.000197943166137
     0.019396611945653    -0.011656958669151    -0.000114282540251
     0.000197943166137    -0.000114282540251     0.022685106441957
1 8
     0.015331582691286     0.145010238959223     0.048005640085130
     0.145010238959223    -0.152111818308727     0.027716069221072
     0.048005640085130     0.027716069221072     0.138249724183428
1 9
    -0.001569198875138    -0.027729649043964    -0.014992464277732
    -0.027729649043964    -0.033588639554251     0.008655903286503
    -0.014992464277732     0.008655903286503     0.026681817287793
1 10
    -0.000458319540806     0.000000000000033     0.000000000000027
     0.000000000000033    -0.045252876051998     0.000228565079383
     0.000000000000027     0.000228565079383     0.022685106441968
1 11
    -0.001569198875123     0.027729649044070     0.014992464277824
     0.027729649044070    -0.033588639555832     0.008655903285517
     0.014992464277824     0.008655903285517     0.026681817287189
1 12
    -0.000458319540806     0.000000000000033     0.000000000000027
     0.000000000000033    -0.045252876051998     0.000228565079383
     0.000000000000027     0.000228565079383     0.022685106441968
1 13
     0.015331582691218    -0.145010238959619    -0.048005640085361
    -0.145010238959619    -0.152111818300461     0.027716069225363
    -0.048005640085361     0.027716069225363     0.138249724185363
1 14
     0.015331582691286     0.145010238959223     0.048005640085130
     0.145010238959223    -0.152111818308727     0.027716069221072
     0.048005640085130     0.027716069221072     0.138249724183428
1 15
    -0.034054236924746     0.019396611945653     0.000197943166137
     0.019396611945653    -0.011656958669151    -0.000114282540251
     0.000197943166137    -0.000114282540251     0.022685106441957
1 16
    -0.034054236924754    -0.019396611944618    -0.000197943165393
    -0.019396611944618    -0.011656958668046    -0.000114282539855
    -0.000197943165393    -0.000114282539855     0.022685106441965
1 17
     0.015331582691218    -0.093596897837581    -0.120715084387056
    -0.093596897837581     0.123407971016291    -0.069694886461016
    -0.120715084387056    -0.069694886461016    -0.137270065137279
1 18
    -0.034054236924754    -0.006652159920742    -0.018221320062571
    -0.006652159920742     0.018797490354958    -0.010881556250355
    -0.018221320062571    -0.010881556250355    -0.007769342581689
1 19
    -0.034054236924746     0.006652159921781     0.018221320063309
     0.006652159921781     0.018797490354578    -0.010881556251009
     0.018221320063309    -0.010881556251009    -0.007769342582424
1 20
     0.015331582691286     0.093596897837224     0.120715084386770
     0.093596897837224     0.123407971010956    -0.069694886466343
     0.120715084386770    -0.069694886466343    -0.137270065142144
1 21
    -0.000176380946788    -0.026211549189517    -0.018534364177706
    -0.026211549189517    -0.015080365621905    -0.010339347939008
    -0.018534364177706    -0.010339347939008    -0.007769342581672
1 22
    -0.004757438165155     0.000000000000033     0.000000000000027
     0.000000000000033    -0.004757438165078    -0.000000000000009
     0.000000000000027    -0.000000000000009    -0.004757438165146
1 23
    -0.000176380946773     0.026211549189584     0.018534364177761
     0.026211549189584    -0.015080365623400    -0.010339347940065
     0.018534364177761    -0.010339347940065    -0.007769342582419
1 24
    -0.003531940062409     0.000000000000033     0.000000000000027
     0.000000000000033    -0.101553918211964    -0.069312005456441
     0.000000000000027    -0.069312005456441    -0.052542929139310
1 25
     0.011345498017009    -0.019559389268419    -0.000313044114879
    -0.019559389268419    -0.026602244585706     0.021220904190164
    -0.000313044114879     0.021220904190164    -0.007769342581403
1 26
     0.011345498017016     0.019559389268160     0.000313044114708
     0.019559389268160    -0.026602244586821     0.021220904189760
     0.000313044114708     0.021220904189760    -0.007769342581416
1 27
    -0.009536147584688     0.011307452831731    -0.002839594495955
     0.011307452831731    -0.022592869457057    -0.001639440647062
    -0.002839594495955    -0.001639440647062    -0.005326305845814
1 28
    -0.009536147584692    -0.011307452831398     0.002839594496201
    -0.011307452831398    -0.022592869456413    -0.001639440646915
     0.002839594496201    -0.001639440646915    -0.005326305845928
1 29
     0.177446165177794    -0.000000000002490    -0.000000000001757
    -0.000000000002490    -0.038706611470320     0.139389772929457
    -0.000000000001757     0.139389772929457    -0.137270065135498
1 30
    -0.077048423675816     0.042444761604866    -0.060025957510888
     0.042444761604866    -0.028037434600971     0.034656002727846
    -0.060025957510888     0.034656002727846    -0.052542929136005
1 31
    -0.029121230393307     0.000000000000033     0.000000000000027
     0.000000000000033    -0.003007786648436     0.003278881293465
     0.000000000000027     0.003278881293465    -0.005326305845772
1 32
    -0.077048423675816    -0.042444761602605     0.060025957512495
    -0.042444761602605    -0.028037434598552     0.034656002726991
     0.060025957512495     0.034656002726991    -0.052542929138425
1 33
    -0.001569198875138    -0.023378247224268    -0.021146275746480
    -0.023378247224268     0.025425675781637    -0.012208807993590
    -0.021146275746480    -0.012208807993590    -0.032332498049357
1 34
    -0.000458319540806     0.000000000000033     0.000000000000027
     0.000000000000033     0.015280103869374    -0.021173075214070
     0.000000000000027    -0.021173075214070    -0.037847873480698
1 35
    -0.001569198875123     0.023378247224382     0.021146275746560
     0.023378247224382     0.025425675780305    -0.012208807994664
     0.021146275746560    -0.012208807994664    -0.032332498050210
1 36
    -0.000458319540806     0.000000000000033     0.000000000000027
     0.000000000000033     0.015280103869374    -0.021173075214070
     0.000000000000027    -0.021173075214070    -0.037847873480698
1 37
     0.011345498017009    -0.006814937244543    -0.018336421012057
    -0.006814937244543     0.003476286311936     0.010586537607467
    -0.018336421012057     0.010586537607467    -0.037847873479689
1 38
     0.011345498017016     0.006814937244288     0.018336421011880
     0.006814937244288     0.003476286311548     0.010586537606807
     0.018336421011880     0.010586537606807    -0.037847873480428
1 39
    -0.009536147584688     0.001091955578605     0.011607300265801
     0.001091955578605    -0.008275265890268    -0.006701477933162
     0.011607300265801    -0.006701477933162    -0.019643909412910
1 40
    -0.009536147584692    -0.001091955578269    -0.011607300265558
    -0.001091955578269    -0.008275265890205    -0.006701477932809
    -0.011607300265558    -0.006701477932809    -0.019643909412442
1 41
     0.038923113109637     0.000000000000033     0.000000000000027
     0.000000000000033    -0.015066636203145     0.024417615988594
     0.000000000000027     0.024417615988594    -0.032332498049045
1 42
    -0.007644825043212     0.000000000000033     0.000000000000027
     0.000000000000033    -0.010166588431687     0.013402955865678
     0.000000000000027     0.013402955865678    -0.019643909412271
1 43
    -0.030701599008304     0.000000000000033     0.000000000000027
     0.000000000000033    -0.030701599007807    -0.000000000000009
     0.000000000000027    -0.000000000000009    -0.030701599008246
1 44
    -0.007644825043212     0.000000000000033     0.000000000000027
     0.000000000000033    -0.010166588431687     0.013402955865678
     0.000000000000027     0.013402955865678    -0.019643909412271
1 45
     0.011345498017009    -0.006814937244543    -0.018336421012057
    -0.006814937244543     0.003476286311936     0.010586537607467
    -0.018336421012057     0.010586537607467    -0.037847873479689
1 46
    -0.009536147584692    -0.001091955578269    -0.011607300265558
    -0.001091955578269    -0.008275265890205    -0.006701477932809
    -0.011607300265558    -0.006701477932809    -0.019643909412442
1 47
    -0.009536147584688     0.001091955578605     0.011607300265801
     0.001091955578605    -0.008275265890268    -0.006701477933162
     0.011607300265801    -0.006701477933162    -0.019643909412910
1 48
     0.011345498017016     0.006814937244288     0.018336421011880
     0.006814937244288     0.003476286311548     0.010586537606807
     0.018336421011880     0.010586537606807    -0.037847873480428
1 49
     0.015331582691218    -0.093596897837581    -0.120715084387056
    -0.093596897837581     0.123407971016291    -0.069694886461016
    -0.120715084387056    -0.069694886461016    -0.137270065137279
1 50
     0.015331582691286     0.093596897837224     0.120715084386770
     0.093596897837224     0.123407971010956    -0.069694886466343
     0.120715084386770    -0.069694886466343    -0.137270065142144
1 51
    -0.034054236924746     0.006652159921781     0.018221320063309
     0.006652159921781     0.018797490354578    -0.010881556251009
     0.018221320063309    -0.010881556251009    -0.007769342582424
1 52
    -0.034054236924754    -0.006652159920742    -0.018221320062571
    -0.006652159920742     0.018797490354958    -0.010881556250355
    -0.018221320062571    -0.010881556250355    -0.007769342581690
1 53
     0.177446165177794    -0.000000000002490    -0.000000000001757
    -0.000000000002490    -0.038706611470320     0.139389772929457
    -0.000000000001757     0.139389772929457    -0.137270065135498
1 54
    -0.077048423675816    -0.042444761602605     0.060025957512495
    -0.042444761602605    -0.028037434598552     0.034656002726991
     0.060025957512495     0.034656002726991    -0.052542929138425
1 55
    -0.029121230393307     0.000000000000033     0.000000000000027
     0.000000000000033    -0.003007786648436     0.003278881293465
     0.000000000000027     0.003278881293465    -0.005326305845772
1 56
    -0.077048423675816     0.042444761604866    -0.060025957510888
     0.042444761604866    -0.028037434600971     0.034656002727846
    -0.060025957510888     0.034656002727846    -0.052542929136005
1 57
     0.011345498017009    -0.019559389268419    -0.000313044114879
    -0.019559389268419    -0.026602244585706     0.021220904190164
    -0.000313044114879     0.021220904190164    -0.007769342581403
1 58
    -0.009536147584692    -0.011307452831398     0.002839594496201
    -0.011307452831398    -0.022592869456413    -0.001639440646915
     0.002839594496201    -0.001639440646915    -0.005326305845928
1 59
    -0.009536147584688     0.011307452831731    -0.002839594495955
     0.011307452831731    -0.022592869457057    -0.001639440647062
    -0.002839594495955    -0.001639440647062    -0.005326305845814
1 60
     0.011345498017016     0.019559389268160     0.000313044114708
     0.019559389268160    -0.026602244586821     0.021220904189760
     0.000313044114708     0.021220904189760    -0.007769342581416
1 61
    -0.000176380946788    -0.026211549189517    -0.018534364177706
    -0.026211549189517    -0.015080365621905    -0.010339347939008
    -0.018534364177706    -0.010339347939008    -0.007769342581672
1 62
    -0.003531940062409     0.000000000000033     0.000000000000027
     0.000000000000033    -0.101553918211964    -0.069312005456441
     0.000000000000027    -0.069312005456441    -0.052542929139310
1 63
    -0.000176380946773     0.026211549189584     0.018534364177761
     0.026211549189584    -0.015080365623400    -0.010339347940065
     0.018534364177761    -0.010339347940065    -0.007769342582419
1 64
    -0.004757438165155     0.000000000000033     0.000000000000027
     0.000000000000033    -0.004757438165078    -0.000000000000009
     0.000000000000027    -0.000000000000009    -0.004757438165146
1 65
     0.049883052870587     0.060949792053080     0.043098011273563
     0.060949792053080    -0.020495704830011     0.024882648408618
     0.043098011273563     0.024882648408618    -0.038090394253690
1 66
     0.030671887690322     0.000000000000015     0.000000000000007
     0.000000000000015    -0.004805517229784     0.004298481098339
     0.000000000000007     0.004298481098339    -0.007845002363265
1 67
     0.049883052870552    -0.060949792054472    -0.043098011274555
    -0.060949792054472    -0.020495704826537     0.024882648411075
    -0.043098011274555     0.024882648411075    -0.038090394251953
1 68
    -0.177899366397520     0.000000000002490     0.000000000001757
     0.000000000002490    -0.481343123655700    -0.214567138474413
     0.000000000001757    -0.214567138474413    -0.329621245034221
1 69
     0.004063834000188     0.015362166960447     0.003722593829048
     0.015362166960447     0.021802536459485    -0.002149240549194
     0.003722593829048    -0.002149240549194    -0.007845002363470
1 70
     0.004063834000181    -0.015362166960529    -0.003722593829118
    -0.015362166960529     0.021802536460361    -0.002149240548778
    -0.003722593829118    -0.002149240548778    -0.007845002363320
1 71
    -0.006415283373154    -0.015600417242031    -0.005237546870295
    -0.034061879878396     0.058313397429096     0.007397921016396
    -0.018291772291368     0.030008502698650    -0.012329287906077
1 72
    -0.006415283373142     0.015600417242259     0.005237546870438
     0.034061879878621     0.058313397427681     0.007397921015561
     0.018291772291514     0.030008502697814    -0.012329287906552
1 73
    -0.055685083678188     0.000000000000015     0.000000000000007
     0.000000000000015     0.085072431718784    -0.049765296819268
     0.000000000000007    -0.049765296819268    -0.038090394254326
1 74
     0.020626821770146    -0.049674646562600     0.003788014098770
    -0.031213183926235     0.031271292286685    -0.008234809150208
     0.016842239519843    -0.030845390832461    -0.012329287907293
1 75
     0.019821594749305     0.000000000000015     0.000000000000007
     0.000000000000015     0.019821594748984    -0.000000000000009
     0.000000000000007    -0.000000000000009    -0.006244878096222
1 76
     0.020626821770158     0.049674646562044    -0.003788014099176
     0.031213183925682     0.031271292284379    -0.008234809150729
    -0.016842239520253    -0.030845390832982    -0.012329287906877
1 77
    -0.405482184347025     0.131395001210805    -0.185820592728087
     0.131395001210805    -0.253760305713670     0.107283569233568
    -0.185820592728087     0.107283569233568    -0.329621245023990
1 78
     0.063635632687278    -0.006382035366523     0.009025560968983
    -0.024843498002889    -0.011737518630455     0.000836888135372
     0.035134011810574     0.000836888134814    -0.012329287907119
1 79
     0.063635632687278     0.006382035364737    -0.009025560970254
     0.024843498001104    -0.011737518631345     0.000836888135129
    -0.035134011811845     0.000836888135687    -0.012329287906230
1 80
    -0.405482184347025    -0.131395001199252     0.185820592736248
    -0.131395001199252    -0.253760305706180     0.107283569230921
     0.185820592736248     0.107283569230921    -0.329621245031479
1 81
     0.004063834000188     0.008630417440145     0.013242725299157
     0.008630417440145    -0.005901713664671     0.007645691015834
     0.013242725299157     0.007645691015834     0.019859247761279
1 82
     0.004063834000181    -0.008630417440231    -0.013242725299222
    -0.008630417440231    -0.005901713664179     0.007645691016385
    -0.013242725299222     0.007645691016385     0.019859247761812
1 83
    -0.006415283373154    -0.010138145625513    -0.012962365471740
    -0.028599608261875     0.007275604183353     0.048053087548691
    -0.026016590892816     0.025442505866438     0.038708505340757
1 84
    -0.006415283373142     0.010138145625731     0.012962365471897
     0.028599608262096     0.007275604182249     0.048053087547745
     0.026016590892969     0.025442505865492     0.038708505339971
1 85
    -0.010884487496872     0.000000000000015     0.000000000000007
     0.000000000000015     0.009046607832392    -0.015291382032277
     0.000000000000007    -0.015291382032277     0.019859247761083
1 86
     0.002443946185610    -0.010032990076067    -0.007094395318521
    -0.010032990076067     0.014029045228133    -0.004095951046450
    -0.007094395318521    -0.004095951046450     0.016925319988718
1 87
     0.008878257239946     0.000000000000015     0.000000000000007
     0.000000000000015     0.019294149049906     0.007365147731268
     0.000000000000007     0.007365147731268     0.014086203145204
1 88
     0.002443946185616     0.010032990076030     0.007094395318486
     0.010032990076030     0.014029045227562    -0.004095951046855
     0.007094395318486    -0.004095951046855     0.016925319988432
1 89
    -0.012921057182340    -0.024843498001798     0.035134011811346
    -0.006382035365432     0.013781377992342    -0.035252281565940
     0.009025560969755    -0.035252281565382     0.038708505338468
1 90
     0.016690176097651    -0.004510213455570     0.006378405037589
    -0.004510213455570     0.011482230192457    -0.003682573865481
     0.006378405037589    -0.003682573865481     0.014086203144853
1 91
     0.016690176097651     0.004510213455126    -0.006378405037911
     0.004510213455126     0.011482230192200    -0.003682573865390
    -0.006378405037911    -0.003682573865390     0.014086203145110
1 92
    -0.012921057182340     0.024843498002195    -0.035134011811073
     0.006382035365828     0.013781377991452    -0.035252281565068
    -0.009025560969482    -0.035252281565626     0.038708505339358
1 93
     0.020626821770158     0.012986841577892     0.048096377283107
    -0.005474621058473    -0.019766500960162    -0.012800805983365
     0.035042151862035     0.009809775698888     0.038708505338755
1 94
     0.019821594749305     0.000000000000015     0.000000000000007
     0.000000000000015    -0.003348603335565     0.008191902093525
     0.000000000000007     0.008191902093525     0.016925319988823
1 95
     0.020626821770146    -0.012986841578452    -0.048096377283507
     0.005474621057910    -0.019766500959948    -0.012800805982105
    -0.035042151862430     0.009809775700148     0.038708505340431
1 96
    -0.055685083678188     0.000000000000015     0.000000000000007
     0.000000000000015    -0.055685083677286    -0.000000000000009
     0.000000000000007    -0.000000000000009     0.102667121144753
1 97
    -0.055685083678188     0.000000000000015     0.000000000000007
     0.000000000000015    -0.055685083677286    -0.000000000000009
     0.000000000000007    -0.000000000000009     0.102667121144753
1 98
     0.020626821770146    -0.012986841578452    -0.048096377283507
     0.005474621057910    -0.019766500959948    -0.012800805982105
    -0.035042151862430     0.009809775700148     0.038708505340431
1 99
     0.019821594749305     0.000000000000015     0.000000000000007
     0.000000000000015    -0.003348603335565     0.008191902093525
     0.000000000000007     0.008191902093525     0.016925319988823
1 100
     0.020626821770158     0.012986841577892     0.048096377283107
    -0.005474621058473    -0.019766500960162    -0.012800805983365
     0.035042151862035     0.009809775698888     0.038708505338755
1 101
    -0.012921057182340     0.024843498002195    -0.035134011811073
     0.006382035365828     0.013781377991452    -0.035252281565068
    -0.009025560969482    -0.035252281565626     0.038708505339358
1 102
     0.016690176097651     0.004510213455126    -0.006378405037911
     0.004510213455126     0.011482230192200    -0.003682573865390
    -0.006378405037911    -0.003682573865390     0.014086203145110
1 103
     0.016690176097651    -0.004510213455570     0.006378405037589
    -0.004510213455570     0.011482230192457    -0.003682573865481
     0.006378405037589    -0.003682573865481     0.014086203144853
1 104
    -0.012921057182340    -0.024843498001798     0.035134011811346
    -0.006382035365432     0.013781377992342    -0.035252281565940
     0.009025560969755    -0.035252281565382     0.038708505338468
1 105
     0.002443946185616     0.010032990076030     0.007094395318486
     0.010032990076030     0.014029045227562    -0.004095951046855
     0.007094395318486    -0.004095951046855     0.016925319988432
1 106
     0.008878257239946     0.000000000000015     0.000000000000007
     0.000000000000015     0.019294149049906     0.007365147731268
     0.000000000000007     0.007365147731268     0.014086203145204
1 107
     0.002443946185610    -0.010032990076067    -0.007094395318521
    -0.010032990076067     0.014029045228133    -0.004095951046450
    -0.007094395318521    -0.004095951046450     0.016925319988718
1 108
    -0.010884487496872     0.000000000000015     0.000000000000007
     0.000000000000015     0.009046607832392    -0.015291382032277
     0.000000000000007    -0.015291382032277     0.019859247761083
1 109
    -0.006415283373142     0.010138145625731     0.012962365471897
     0.028599608262096     0.007275604182249     0.048053087547745
     0.026016590892969     0.025442505865492     0.038708505339971
1 110
    -0.006415283373154    -0.010138145625513    -0.012962365471740
    -0.028599608261875     0.007275604183353     0.048053087548691
    -0.026016590892816     0.025442505866438     0.038708505340757
1 111
     0.004063834000181    -0.008630417440231    -0.013242725299222
    -0.008630417440231    -0.005901713664179     0.007645691016385
    -0.013242725299222     0.007645691016385     0.019859247761812
1 112
     0.004063834000188     0.008630417440145     0.013242725299157
     0.008630417440145    -0.005901713664671     0.007645691015834
     0.013242725299157     0.007645691015834     0.019859247761278
1 113
    -0.405482184347025    -0.131395001199252     0.185820592736248
    -0.131395001199252    -0.253760305706180     0.107283569230921
     0.185820592736248     0.107283569230921    -0.329621245031479
1 114
     0.063635632687278     0.006382035364737    -0.009025560970254
     0.024843498001104    -0.011737518631345     0.000836888135129
    -0.035134011811845     0.000836888135687    -0.012329287906230
1 115
     0.063635632687278    -0.006382035366523     0.009025560968983
    -0.024843498002889    -0.011737518630455     0.000836888135372
     0.035134011810574     0.000836888134814    -0.012329287907119
1 116
    -0.405482184347025     0.131395001210805    -0.185820592728087
     0.131395001210805    -0.253760305713670     0.107283569233568
    -0.185820592728087     0.107283569233568    -0.329621245023990
1 117
     0.020626821770158     0.049674646562044    -0.003788014099176
     0.031213183925682     0.031271292284379    -0.008234809150729
    -0.016842239520253    -0.030845390832982    -0.012329287906877
1 118
     0.019821594749305     0.000000000000015     0.000000000000007
     0.000000000000015     0.019821594748984    -0.000000000000009
     0.000000000000007    -0.000000000000009    -0.006244878096222
1 119
     0.020626821770146    -0.049674646562600     0.003788014098770
    -0.031213183926235     0.031271292286685    -0.008234809150208
     0.016842239519843    -0.030845390832461    -0.012329287907293
1 120
    -0.055685083678188     0.000000000000015     0.000000000000007
     0.000000000000015     0.085072431718783    -0.049765296819268
     0.000000000000007    -0.049765296819268    -0.038090394254326
1 121
    -0.006415283373142     0.015600417242259     0.005237546870438
     0.034061879878621     0.058313397427681     0.007397921015561
     0.018291772291514     0.030008502697814    -0.012329287906552
1 122
    -0.006415283373154    -0.015600417242031    -0.005237546870295
    -0.034061879878396     0.058313397429096     0.007397921016396
    -0.018291772291368     0.030008502698650    -0.012329287906077
1 123
     0.004063834000181    -0.015362166960529    -0.003722593829118
    -0.015362166960529     0.021802536460361    -0.002149240548778
    -0.003722593829118    -0.002149240548778    -0.007845002363320
1 124
     0.004063834000188     0.015362166960447     0.003722593829048
     0.015362166960447     0.021802536459485    -0.002149240549194
     0.003722593829048    -0.002149240549194    -0.007845002363470
1 125
    -0.177899366397520     0.000000000002490     0.000000000001757
     0.000000000002490    -0.481343123655699    -0.214567138474413
     0.000000000001757    -0.214567138474413    -0.329621245034221
1 126
     0.049883052870552    -0.060949792054472    -0.043098011274555
    -0.060949792054472    -0.020495704826537     0.024882648411075
    -0.043098011274555     0.024882648411075    -0.038090394251953
1 127
     0.030671887690322     0.000000000000015     0.000000000000007
     0.000000000000015    -0.004805517229784     0.004298481098339
     0.000000000000007     0.004298481098339    -0.007845002363265
1 128
     0.049883052870587     0.060949792053080     0.043098011273563
     0.060949792053080    -0.020495704830011     0.024882648408618
     0.043098011273563     0.024882648408618    -0.038090394253690
2 1
    -0.235833518806208     0.000000000003400     0.000000000002408
     0.000000000003400     0.099053283188809    -0.055432138448557
     0.000000000002408    -0.055432138448557     0.138249724182720
2 2
     2.139298272162301    -0.000000000030248    -0.000000000021385
    -0.000000000030248     2.139298272127642     0.000000000021403
    -0.000000000021385     0.000000000021403     2.139298272158232
2 3
    -0.235833518806208     0.000000000003400     0.000000000002408
     0.000000000003400     0.099053283188809    -0.055432138448557
     0.000000000002408    -0.055432138448557     0.138249724182720
2 4
    -0.049598359895812     0.000000000000033     0.000000000000027
     0.000000000000033     0.014440521464865    -0.017311806572584
     0.000000000000027    -0.017311806572584     0.026681817286967
2 5
     0.015331582691286     0.145010238959223     0.048005640085130
     0.145010238959223    -0.152111818308727     0.027716069221072
     0.048005640085130     0.027716069221072     0.138249724183428
2 6
     0.015331582691218    -0.145010238959619    -0.048005640085361
    -0.145010238959619    -0.152111818300461     0.027716069225363
    -0.048005640085361     0.027716069225363     0.138249724185363
2 7
    -0.034054236924754    -0.019396611944618    -0.000197943165393
    -0.019396611944618    -0.011656958668046    -0.000114282539855
    -0.000197943165393    -0.000114282539855     0.022685106441965
2 8
    -0.034054236924746     0.019396611945653     0.000197943166137
     0.019396611945653    -0.011656958669151    -0.000114282540251
     0.000197943166137    -0.000114282540251     0.022685106441957
2 9
    -0.000458319540806     0.000000000000033     0.000000000000027
     0.000000000000033    -0.045252876051998     0.000228565079383
     0.000000000000027     0.000228565079383     0.022685106441968
2 10
    -0.001569198875138    -0.027729649043964    -0.014992464277732
    -0.027729649043964    -0.033588639554251     0.008655903286503
    -0.014992464277732     0.008655903286503     0.026681817287793
2 11
    -0.000458319540806     0.000000000000033     0.000000000000027
     0.000000000000033    -0.045252876051998     0.000228565079383
     0.000000000000027     0.000228565079383     0.022685106441968
2 12
    -0.001569198875123     0.027729649044070     0.014992464277824
     0.027729649044070    -0.033588639555832     0.008655903285517
     0.014992464277824     0.008655903285517     0.026681817287189
2 13
    -0.034054236924754    -0.019396611944618    -0.000197943165393
    -0.019396611944618    -0.011656958668046    -0.000114282539855
    -0.000197943165393    -0.000114282539855     0.022685106441965
2 14
     0.015331582691218    -0.145010238959619    -0.048005640085361
    -0.145010238959619    -0.152111818300461     0.027716069225363
    -0.048005640085361     0.027716069225363     0.138249724185363
2 15
     0.015331582691286     0.145010238959223     0.048005640085130
     0.145010238959223    -0.152111818308727     0.027716069221072
     0.048005640085130     0.027716069221072     0.138249724183428
2 16
    -0.034054236924746     0.019396611945653     0.000197943166137
     0.019396611945653    -0.011656958669151    -0.000114282540251
     0.000197943166137    -0.000114282540251     0.022685106441957
2 17
     0.015331582691286     0.093596897837224     0.120715084386770
     0.093596897837224     0.123407971010956    -0.069694886466343
     0.120715084386770    -0.069694886466343    -0.137270065142144
2 18
     0.015331582691218    -0.093596897837581    -0.120715084387056
    -0.093596897837581     0.123407971016291    -0.069694886461016
    -0.120715084387056    -0.069694886461016    -0.137270065137279
2 19
    -0.034054236924754    -0.006652159920742    -0.018221320062571
    -0.006652159920742     0.018797490354958    -0.010881556250355
    -0.018221320062571    -0.010881556250355    -0.007769342581689
2 20
    -0.034054236924746     0.006652159921781     0.018221320063309
     0.006652159921781     0.018797490354578    -0.010881556251009
     0.018221320063309    -0.010881556251009    -0.007769342582424
2 21
    -0.003531940062409     0.000000000000033     0.000000000000027
     0.000000000000033    -0.101553918211964    -0.069312005456441
     0.000000000000027    -0.069312005456441    -0.052542929139310
2 22
    -0.000176380946788    -0.026211549189517    -0.018534364177706
    -0.026211549189517    -0.015080365621905    -0.010339347939008
    -0.018534364177706    -0.010339347939008    -0.007769342581672
2 23
    -0.004757438165155     0.000000000000033     0.000000000000027
     0.000000000000033    -0.004757438165078    -0.000000000000009
     0.000000000000027    -0.000000000000009    -0.004757438165146
2 24
    -0.000176380946773     0.026211549189584     0.018534364177761
     0.026211549189584    -0.015080365623400    -0.010339347940065
     0.018534364177761    -0.010339347940065    -0.007769342582419
2 25
    -0.009536147584692    -0.011307452831398     0.002839594496201
    -0.011307452831398    -0.022592869456413    -0.001639440646915
     0.002839594496201    -0.001639440646915    -0.005326305845928
2 26
     0.011345498017009    -0.019559389268419    -0.000313044114879
    -0.019559389268419    -0.026602244585706     0.021220904190164
    -0.000313044114879     0.021220904190164    -0.007769342581403
2 27
     0.011345498017016     0.019559389268160     0.000313044114708
     0.019559389268160    -0.026602244586821     0.021220904189760
     0.000313044114708     0.021220904189760    -0.007769342581416
2 28
    -0.009536147584688     0.011307452831731    -0.002839594495955
     0.011307452831731    -0.022592869457057    -0.001639440647062
    -0.002839594495955    -0.001639440647062    -0.005326305845814
2 29
    -0.077048423675816    -0.042444761602605     0.060025957512495
    -0.042444761602605    -0.028037434598552     0.034656002726991
     0.060025957512495     0.034656002726991    -0.052542929138425
2 30
     0.177446165177794    -0.000000000002490    -0.000000000001757
    -0.000000000002490    -0.038706611470320     0.139389772929457
    -0.000000000001757     0.139389772929457    -0.137270065135498
2 31
    -0.077048423675816     0.042444761604866    -0.060025957510888
     0.042444761604866    -0.028037434600971     0.034656002727846
    -0.060025957510888     0.034656002727846    -0.052542929136005
2 32
    -0.029121230393307     0.000000000000033     0.000000000000027
     0.000000000000033    -0.003007786648436     0.003278881293465
     0.000000000000027     0.003278881293465    -0.005326305845772
2 33
    -0.000458319540806     0.000000000000033     0.000000000000027
     0.000000000000033     0.015280103869374    -0.021173075214070
     0.000000000000027    -0.021173075214070    -0.037847873480698
2 34
    -0.001569198875138    -0.023378247224268    -0.021146275746480
    -0.023378247224268     0.025425675781637    -0.012208807993590
    -0.021146275746480    -0.012208807993590    -0.032332498049357
2 35
    -0.000458319540806     0.000000000000033     0.000000000000027
     0.000000000000033     0.015280103869374    -0.021173075214070
     0.000000000000027    -0.021173075214070    -0.037847873480698
2 36
    -0.001569198875123     0.023378247224382     0.021146275746560
     0.023378247224382     0.025425675780305    -0.012208807994664
     0.021146275746560    -0.012208807994664    -0.032332498050210
2 37
    -0.009536147584692    -0.001091955578269    -0.011607300265558
    -0.001091955578269    -0.008275265890205    -0.006701477932809
    -0.011607300265558    -0.006701477932809    -0.019643909412442
2 38
     0.011345498017009    -0.006814937244543    -0.018336421012057
    -0.006814937244543     0.003476286311936     0.010586537607467
    -0.018336421012057     0.010586537607467    -0.037847873479689
2 39
     0.011345498017016     0.006814937244288     0.018336421011880
     0.006814937244288     0.003476286311548     0.010586537606807
     0.018336421011880     0.010586537606807    -0.037847873480428
2 40
    -0.009536147584688     0.001091955578605     0.011607300265801
     0.001091955578605    -0.008275265890268    -0.006701477933162
     0.011607300265801    -0.006701477933162    -0.019643909412910
2 41
    -0.007644825043212     0.000000000000033     0.000000000000027
     0.000000000000033    -0.010166588431687     0.013402955865678
     0.000000000000027     0.013402955865678    -0.019643909412271
2 42
     0.038923113109637     0.000000000000033     0.000000000000027
     0.000000000000033    -0.015066636203145     0.024417615988594
     0.000000000000027     0.024417615988594    -0.032332498049045
2 43
    -0.007644825043212     0.000000000000033     0.000000000000027
     0.000000000000033    -0.010166588431687     0.013402955865678
     0.000000000000027     0.013402955865678    -0.019643909412271
2 44
    -0.030701599008304     0.000000000000033     0.000000000000027
     0.000000000000033    -0.030701599007807    -0.000000000000009
     0.000000000000027    -0.000000000000009    -0.030701599008246
2 45
     0.011345498017016     0.006814937244288     0.018336421011880
     0.006814937244288     0.003476286311548     0.010586537606807
     0.018336421011880     0.010586537606807    -0.037847873480428
2 46
     0.011345498017009    -0.006814937244543    -0.018336421012057
    -0.006814937244543     0.003476286311936     0.010586537607467
    -0.018336421012057     0.010586537607467    -0.037847873479689
2 47
    -0.009536147584692    -0.001091955578269    -0.011607300265558
    -0.001091955578269    -0.008275265890205    -0.006701477932809
    -0.011607300265558    -0.006701477932809    -0.019643909412442
2 48
    -0.009536147584688     0.001091955578605     0.011607300265801
     0.001091955578605    -0.008275265890268    -0.006701477933162
     0.011607300265801    -0.006701477933162    -0.019643909412910
2 49
    -0.034054236924754    -0.006652159920742    -0.018221320062571
    -0.006652159920742     0.018797490354958    -0.010881556250355
    -0.018221320062571    -0.010881556250355    -0.007769342581690
2 50
     0.015331582691218    -0.093596897837581    -0.120715084387056
    -0.093596897837581     0.123407971016291    -0.069694886461016
    -0.120715084387056    -0.069694886461016    -0.137270065137279
2 51
     0.015331582691286     0.093596897837224     0.120715084386770
     0.093596897837224     0.123407971010956    -0.069694886466343
     0.120715084386770    -0.069694886466343    -0.137270065142144
2 52
    -0.034054236924746     0.006652159921781     0.018221320063309
     0.006652159921781     0.018797490354578    -0.010881556251009
     0.018221320063309    -0.010881556251009    -0.007769342582424
2 53
    -0.077048423675816     0.042444761604866    -0.060025957510888
     0.042444761604866    -0.028037434600971     0.034656002727846
    -0.060025957510888     0.034656002727846    -0.052542929136005
2 54
     0.177446165177794    -0.000000000002490    -0.000000000001757
    -0.000000000002490    -0.038706611470320     0.139389772929457
    -0.000000000001757     0.139389772929457    -0.137270065135498
2 55
    -0.077048423675816    -0.042444761602605     0.060025957512495
    -0.042444761602605    -0.028037434598552     0.034656002726991
     0.060025957512495     0.034656002726991    -0.052542929138425
2 56
    -0.029121230393307     0.000000000000033     0.000000000000027
     0.000000000000033    -0.003007786648436     0.003278881293465
     0.000000000000027     0.003278881293465    -0.005326305845772
2 57
     0.011345498017016     0.019559389268160     0.000313044114708
     0.019559389268160    -0.026602244586821     0.021220904189760
     0.000313044114708     0.021220904189760    -0.007769342581416
2 58
     0.011345498017009    -0.019559389268419    -0.000313044114879
    -0.019559389268419    -0.026602244585706     0.021220904190164
    -0.000313044114879     0.021220904190164    -0.007769342581403
2 59
    -0.009536147584692    -0.011307452831398     0.002839594496201
    -0.011307452831398    -0.022592869456413    -0.001639440646915
     0.002839594496201    -0.001639440646915    -0.005326305845928
2 60
    -0.009536147584688     0.011307452831731    -0.002839594495955
     0.011307452831731    -0.022592869457057    -0.001639440647062
    -0.002839594495955    -0.001639440647062    -0.005326305845814
2 61
    -0.004757438165155     0.000000000000033     0.000000000000027
     0.000000000000033    -0.004757438165078    -0.000000000000009
     0.000000000000027    -0.000000000000009    -0.004757438165146
2 62
    -0.000176380946788    -0.026211549189517    -0.018534364177706
    -0.026211549189517    -0.015080365621905    -0.010339347939008
    -0.018534364177706    -0.010339347939008    -0.007769342581672
2 63
    -0.003531940062409     0.000000000000033     0.000000000000027
     0.000000000000033    -0.101553918211964    -0.069312005456441
     0.000000000000027    -0.069312005456441    -0.052542929139310
2 64
    -0.000176380946773     0.026211549189584     0.018534364177761
     0.026211549189584    -0.015080365623400    -0.010339347940065
     0.018534364177761    -0.010339347940065    -0.007769342582419
2 65
    -0.177899366397520     0.000000000002490     0.000000000001757
     0.000000000002490    -0.481343123655700    -0.214567138474413
     0.000000000001757    -0.214567138474413    -0.329621245034221
2 66
     0.049883052870587     0.060949792053080     0.043098011273563
     0.060949792053080    -0.020495704830011     0.024882648408618
     0.043098011273563     0.024882648408618    -0.038090394253690
2 67
